1000,250,10,511,181,0.0019068
1000,250,60,3054,88,0.0030086
1000,250,110,10734,186,0.0102969
1000,250,160,24396,284,0.0230882
1000,250,210,42430,381,0.0370933
1000,250,260,63732,479,0.0561835
1000,250,310,88196,577,0.0818722
1000,250,360,115830,675,0.107613
1000,250,410,147258,773,0.137687
1000,250,460,182524,871,0.172016
1000,250,510,220960,969,0.211009
1000,250,560,262586,1067,0.221395
1000,250,610,307380,1164,0.266663
1000,250,660,356618,1262,0.315834
1000,250,710,409050,1360,0.373099
1000,250,760,464630,1458,0.424545
1000,500,10,891,321,0.0027209
1000,500,60,3319,100,0.0047301
1000,500,110,11439,198,0.0129118
1000,500,160,25331,296,0.0257006
1000,500,210,43365,393,0.0413559
1000,500,260,64897,485,0.0589536
1000,500,310,89591,584,0.082328
1000,500,360,117455,682,0.108669
1000,500,410,148883,779,0.138321
1000,500,460,184379,877,0.171434
1000,500,510,223045,975,0.203494
1000,500,560,264901,1073,0.244456
1000,500,610,309909,1171,0.288805
1000,500,660,359163,1269,0.336268
1000,500,710,411825,1367,0.390576
1000,500,760,467635,1465,0.447579
1000,750,10,1231,452,0.0040058
1000,750,60,3544,111,0.0065634
1000,750,110,12024,208,0.0163512
1000,750,160,26096,305,0.0300707
1000,750,210,44130,402,0.048463
1000,750,260,65850,500,0.0681881
1000,750,310,90732,598,0.0929922
1000,750,360,118784,696,0.119094
1000,750,410,150212,793,0.151618
1000,750,460,185896,891,0.182657
1000,750,510,224750,989,0.218357
1000,750,560,266794,1087,0.260965
1000,750,610,311990,1179,0.311425
1000,750,660,361244,1276,0.371761
1000,750,710,414094,1374,0.427907
1000,750,760,470092,1472,0.493347
1000,1000,10,1577,580,0.0053618
1000,1000,60,3775,121,0.0085772
1000,1000,110,12643,217,0.0211227
1000,1000,160,26927,315,0.0369026
1000,1000,210,44961,412,0.0579922
1000,1000,260,66885,510,0.0800087
1000,1000,310,91971,608,0.107618
1000,1000,360,120227,706,0.130673
1000,1000,410,151669,804,0.161283
1000,1000,460,187543,901,0.202227
1000,1000,510,226601,999,0.240685
1000,1000,560,268849,1097,0.284387
1000,1000,610,314249,1195,0.329762
1000,1000,660,363503,1292,0.38806
1000,1000,710,416557,1390,0.440337
1000,1000,760,472759,1488,0.498634
1000,1250,10,1903,713,0.0059465
1000,1250,60,3986,130,0.0102805
1000,1250,110,13202,225,0.0251086
1000,1250,160,27668,323,0.0424329
1000,1250,210,45702,420,0.0619362
1000,1250,260,67808,518,0.0874424
1000,1250,310,93076,616,0.11438
1000,1250,360,121514,714,0.143506
1000,1250,410,153138,812,0.181544
1000,1250,460,189012,909,0.225857
1000,1250,510,228252,1007,0.264697
1000,1250,560,270682,1105,0.307254
1000,1250,610,316264,1203,0.34739
1000,1250,660,365518,1300,0.414503
1000,1250,710,418754,1398,0.465848
1000,1250,760,475110,1495,0.518793
1000,1500,10,2271,841,0.0075449
1000,1500,60,4239,142,0.0122058
1000,1500,110,13871,236,0.0283547
1000,1500,160,28555,334,0.0470398
1000,1500,210,46589,431,0.0707243
1000,1500,260,68913,529,0.0942065
1000,1500,310,94385,626,0.124201
1000,1500,360,123039,724,0.159297
1000,1500,410,154879,822,0.187947
1000,1500,460,190753,919,0.22575
1000,1500,510,230209,1017,0.275307
1000,1500,560,272855,1115,0.321483
1000,1500,610,318653,1213,0.372644
1000,1500,660,367907,1310,0.436582
1000,1500,710,421359,1408,0.493121
1000,1500,760,477959,1506,0.553953
1000,1750,10,2613,973,0.0090017
1000,1750,60,4466,151,0.0133928
1000,1750,110,14478,245,0.0312564
1000,1750,160,29360,343,0.0538982
1000,1750,210,47412,441,0.0807783
1000,1750,260,69916,538,0.104715
1000,1750,310,95600,636,0.132673
1000,1750,360,124454,734,0.173138
1000,1750,410,156494,832,0.211006
1000,1750,460,192368,929,0.248993
1000,1750,510,232024,1027,0.300479
1000,1750,560,274870,1125,0.345329
1000,1750,610,320868,1223,0.399762
1000,1750,660,370122,1320,0.445973
1000,1750,710,423774,1418,0.517374
1000,1750,760,480574,1516,0.582729
1000,2000,10,2995,1105,0.0108046
1000,2000,60,4733,162,0.0161748
1000,2000,110,15189,253,0.0343622
1000,2000,160,30303,351,0.0606722
1000,2000,210,48587,449,0.0850692
1000,2000,260,71091,546,0.11392
1000,2000,310,97007,644,0.147837
1000,2000,360,126093,742,0.182012
1000,2000,410,158365,840,0.22278
1000,2000,460,194239,937,0.264077
1000,2000,510,234127,1035,0.312193
1000,2000,560,277205,1133,0.367277
1000,2000,610,323435,1231,0.414937
1000,2000,660,372835,1329,0.477863
1000,2000,710,426573,1426,0.535738
1000,2000,760,483605,1524,0.614222
1000,2250,10,3367,1231,0.0120387
1000,2250,60,4990,171,0.0180235
1000,2250,110,15870,264,0.0396086
1000,2250,160,31206,362,0.0642165
1000,2250,210,49712,460,0.0933604
1000,2250,260,72216,557,0.124377
1000,2250,310,98354,655,0.152618
1000,2250,360,127662,753,0.195684
1000,2250,410,160156,851,0.236852
1000,2250,460,196030,948,0.274688
1000,2250,510,236140,1046,0.324768
1000,2250,560,279440,1144,0.377458
1000,2250,610,325868,1241,0.444454
1000,2250,660,375488,1339,0.501088
1000,2250,710,429226,1436,0.569952
1000,2250,760,486478,1534,0.636718
1000,2500,10,3745,1382,0.0132278
1000,2500,60,5230,180,0.0190635
1000,2500,110,16514,272,0.0424773
1000,2500,160,32060,369,0.0688456
1000,2500,210,50776,467,0.0994421
1000,2500,260,73280,564,0.131186
1000,2500,310,99628,662,0.173037
1000,2500,360,129146,760,0.208295
1000,2500,410,161850,858,0.250021
1000,2500,460,197724,955,0.298052
1000,2500,510,238044,1053,0.348658
1000,2500,560,281554,1151,0.406631
1000,2500,610,328216,1249,0.462285
1000,2500,660,378048,1347,0.520539
1000,2500,710,431786,1444,0.591038
1000,2500,760,489250,1542,0.657513
1000,2750,10,3865,1515,0.0132005
1000,2750,60,5235,186,0.0210752
1000,2750,110,16519,278,0.0446929
1000,2750,160,32065,375,0.0766387
1000,2750,210,50781,473,0.105216
1000,2750,260,73285,570,0.138326
1000,2750,310,99633,668,0.176746
1000,2750,360,129151,766,0.21851
1000,2750,410,161855,864,0.266005
1000,2750,460,197729,961,0.306881
1000,2750,510,238049,1059,0.366219
1000,2750,560,281559,1157,0.417042
1000,2750,610,328221,1255,0.477518
1000,2750,660,378053,1353,0.542532
1000,2750,710,431791,1450,0.627434
1000,2750,760,489255,1548,0.692018
1000,3000,10,3985,1635,0.0154007
1000,3000,60,5240,192,0.0220647
1000,3000,110,16524,286,0.0513175
1000,3000,160,32070,382,0.0797925
1000,3000,210,50786,480,0.117583
1000,3000,260,73290,577,0.151479
1000,3000,310,99638,675,0.188676
1000,3000,360,129156,773,0.234773
1000,3000,410,161860,871,0.278003
1000,3000,460,197734,968,0.330167
1000,3000,510,238054,1066,0.380482
1000,3000,560,281564,1164,0.437051
1000,3000,610,328226,1262,0.499032
1000,3000,660,378058,1360,0.565149
1000,3000,710,431796,1457,0.627293
1000,3000,760,489260,1555,0.718144
1000,3250,10,4105,1754,0.0162946
1000,3250,60,5245,197,0.0251208
1000,3250,110,16529,290,0.0511368
1000,3250,160,32075,385,0.0861528
1000,3250,210,50791,483,0.116935
1000,3250,260,73295,580,0.155127
1000,3250,310,99643,678,0.19972
1000,3250,360,129161,776,0.244678
1000,3250,410,161865,874,0.291565
1000,3250,460,197739,971,0.341733
1000,3250,510,238059,1069,0.395468
1000,3250,560,281569,1167,0.456566
1000,3250,610,328231,1265,0.509637
1000,3250,660,378063,1363,0.581238
1000,3250,710,431801,1460,0.673631
1000,3250,760,489265,1558,0.744113
1000,3500,10,4225,1888,0.0175188
1000,3500,60,5250,202,0.026731
1000,3500,110,16534,296,0.0577339
1000,3500,160,32080,390,0.0889899
1000,3500,210,50796,488,0.122318
1000,3500,260,73300,585,0.167004
1000,3500,310,99648,683,0.209305
1000,3500,360,129166,781,0.254239
1000,3500,410,161870,879,0.298733
1000,3500,460,197744,976,0.355453
1000,3500,510,238064,1074,0.409797
1000,3500,560,281574,1172,0.471363
1000,3500,610,328236,1270,0.535181
1000,3500,660,378068,1368,0.609662
1000,3500,710,431806,1465,0.676707
1000,3500,760,489270,1563,0.759051
1000,3750,10,4345,2025,0.0187687
1000,3750,60,5255,206,0.0267229
1000,3750,110,16539,303,0.0577922
1000,3750,160,32085,394,0.0934656
1000,3750,210,50801,492,0.130633
1000,3750,260,73305,589,0.168835
1000,3750,310,99653,687,0.218499
1000,3750,360,129171,785,0.263298
1000,3750,410,161875,883,0.316324
1000,3750,460,197749,980,0.373847
1000,3750,510,238069,1078,0.438108
1000,3750,560,281579,1176,0.495137
1000,3750,610,328241,1274,0.555774
1000,3750,660,378073,1372,0.614572
1000,3750,710,431811,1469,0.708999
1000,3750,760,489275,1567,0.778681
1000,4000,10,4465,2159,0.0199191
1000,4000,60,5260,211,0.0296995
1000,4000,110,16544,309,0.0633421
1000,4000,160,32090,400,0.10151
1000,4000,210,50806,498,0.136545
1000,4000,260,73310,595,0.184018
1000,4000,310,99658,693,0.222433
1000,4000,360,129176,791,0.27308
1000,4000,410,161880,889,0.327794
1000,4000,460,197754,986,0.384733
1000,4000,510,238074,1084,0.437975
1000,4000,560,281584,1182,0.509598
1000,4000,610,328246,1280,0.585526
1000,4000,660,378078,1378,0.654173
1000,4000,710,431816,1475,0.718303
1000,4000,760,489280,1573,0.822892
1000,4250,10,4585,2282,0.0203823
1000,4250,60,5265,217,0.0302172
1000,4250,110,16549,314,0.0654854
1000,4250,160,32095,402,0.103499
1000,4250,210,50811,500,0.146227
1000,4250,260,73315,597,0.188277
1000,4250,310,99663,695,0.234007
1000,4250,360,129181,793,0.288854
1000,4250,410,161885,891,0.347564
1000,4250,460,197759,988,0.400015
1000,4250,510,238079,1086,0.462352
1000,4250,560,281589,1184,0.523676
1000,4250,610,328251,1282,0.599686
1000,4250,660,378083,1380,0.673347
1000,4250,710,431821,1477,0.754609
1000,4250,760,489285,1575,0.830955
1000,4500,10,4705,2418,0.0218559
1000,4500,60,5270,221,0.0321039
1000,4500,110,16554,319,0.068244
1000,4500,160,32100,409,0.10986
1000,4500,210,50816,507,0.148423
1000,4500,260,73320,604,0.198264
1000,4500,310,99668,702,0.24473
1000,4500,360,129186,800,0.293134
1000,4500,410,161890,898,0.36273
1000,4500,460,197764,995,0.418785
1000,4500,510,238084,1093,0.478016
1000,4500,560,281594,1191,0.539112
1000,4500,610,328256,1289,0.610483
1000,4500,660,378088,1387,0.676503
1000,4500,710,431826,1484,0.764943
1000,4500,760,489290,1582,0.845086
1000,4750,10,4825,2551,0.0234158
1000,4750,60,5275,227,0.0335574
1000,4750,110,16559,323,0.0721419
1000,4750,160,32105,414,0.1145
1000,4750,210,50821,511,0.154315
1000,4750,260,73325,608,0.201955
1000,4750,310,99673,706,0.246875
1000,4750,360,129191,804,0.298481
1000,4750,410,161895,902,0.365477
1000,4750,460,197769,999,0.414728
1000,4750,510,238089,1097,0.488459
1000,4750,560,281599,1195,0.564737
1000,4750,610,328261,1293,0.626045
1000,4750,660,378093,1391,0.724811
1000,4750,710,431831,1488,0.80824
1000,4750,760,489295,1586,0.872665
1000,5000,10,4969,2726,0.0243983
1000,5000,60,5281,233,0.0365626
1000,5000,110,16565,329,0.0747076
1000,5000,160,32111,421,0.11937
1000,5000,210,50827,518,0.161288
1000,5000,260,73331,615,0.215732
1000,5000,310,99679,713,0.263255
1000,5000,360,129197,811,0.321474
1000,5000,410,161901,909,0.372933
1000,5000,460,197775,1006,0.440545
1000,5000,510,238095,1104,0.511733
1000,5000,560,281605,1202,0.581303
1000,5000,610,328267,1300,0.657923
1000,5000,660,378099,1398,0.729013
1000,5000,710,431837,1495,0.808921
1000,5000,760,489301,1593,0.922559
1000,5250,10,5089,2837,0.0256048
1000,5250,60,5286,238,0.0386193
1000,5250,110,16570,335,0.0807016
1000,5250,160,32116,422,0.125926
1000,5250,210,50832,519,0.171363
1000,5250,260,73336,616,0.225561
1000,5250,310,99684,714,0.276999
1000,5250,360,129202,812,0.331406
1000,5250,410,161906,910,0.39164
1000,5250,460,197780,1007,0.457063
1000,5250,510,238100,1105,0.517124
1000,5250,560,281610,1203,0.591614
1000,5250,610,328272,1301,0.6802
1000,5250,660,378104,1399,0.74528
1000,5250,710,431842,1496,0.838953
1000,5250,760,489306,1594,0.926507
1000,5500,10,5209,3004,0.0267727
1000,5500,60,5291,243,0.0388836
1000,5500,110,16575,340,0.0841635
1000,5500,160,32121,434,0.138209
1000,5500,210,50837,530,0.178752
1000,5500,260,73341,627,0.236214
1000,5500,310,99689,725,0.286801
1000,5500,360,129207,823,0.344015
1000,5500,410,161911,921,0.407191
1000,5500,460,197785,1018,0.479126
1000,5500,510,238105,1116,0.547391
1000,5500,560,281615,1214,0.616396
1000,5500,610,328277,1312,0.676282
1000,5500,660,378109,1410,0.77292
1000,5500,710,431847,1507,0.860251
1000,5500,760,489311,1605,0.951778
1000,5750,10,5329,3136,0.028937
1000,5750,60,5296,248,0.0403365
1000,5750,110,16580,345,0.0865593
1000,5750,160,32126,433,0.131828
1000,5750,210,50842,527,0.18425
1000,5750,260,73346,624,0.233646
1000,5750,310,99694,722,0.303048
1000,5750,360,129212,820,0.354063
1000,5750,410,161916,918,0.425035
1000,5750,460,197790,1015,0.488315
1000,5750,510,238110,1113,0.552032
1000,5750,560,281620,1211,0.636095
1000,5750,610,328282,1309,0.717856
1000,5750,660,378114,1407,0.810945
1000,5750,710,431852,1504,0.897639
1000,5750,760,489316,1602,0.986216
1000,6000,10,5449,3276,0.0298867
1000,6000,60,5301,253,0.0425672
1000,6000,110,16585,350,0.0884744
1000,6000,160,32131,443,0.141106
1000,6000,210,50847,539,0.197609
1000,6000,260,73351,636,0.239584
1000,6000,310,99699,734,0.302724
1000,6000,360,129217,832,0.362104
1000,6000,410,161921,930,0.440905
1000,6000,460,197795,1027,0.511117
1000,6000,510,238115,1125,0.575981
1000,6000,560,281625,1223,0.653127
1000,6000,610,328287,1321,0.733645
1000,6000,660,378119,1419,0.833295
1000,6000,710,431857,1516,0.920242
1000,6000,760,489321,1614,1.01364
1000,6250,10,5593,3435,0.0300825
1000,6250,60,5307,259,0.0447506
1000,6250,110,16591,356,0.0957498
1000,6250,160,32137,454,0.144066
1000,6250,210,50853,545,0.199993
1000,6250,260,73357,642,0.255214
1000,6250,310,99705,740,0.322261
1000,6250,360,129223,838,0.369466
1000,6250,410,161927,936,0.441317
1000,6250,460,197801,1033,0.526805
1000,6250,510,238121,1131,0.594569
1000,6250,560,281631,1229,0.676353
1000,6250,610,328293,1327,0.76007
1000,6250,660,378125,1425,0.839569
1000,6250,710,431863,1522,0.928903
1000,6250,760,489327,1620,1.0167
1000,6500,10,5713,3595,0.0321701
1000,6500,60,5312,264,0.0449149
1000,6500,110,16596,361,0.0988532
1000,6500,160,32142,459,0.151115
1000,6500,210,50858,553,0.210648
1000,6500,260,73362,650,0.26775
1000,6500,310,99710,748,0.32867
1000,6500,360,129228,846,0.394232
1000,6500,410,161932,944,0.46224
1000,6500,460,197806,1041,0.544281
1000,6500,510,238126,1139,0.613122
1000,6500,560,281636,1237,0.687269
1000,6500,610,328298,1335,0.775693
1000,6500,660,378130,1433,0.862925
1000,6500,710,431868,1530,0.948128
1000,6500,760,489332,1628,1.04569
1000,6750,10,5833,3733,0.0346019
1000,6750,60,5317,269,0.0492331
1000,6750,110,16601,367,0.103526
1000,6750,160,32147,464,0.160618
1000,6750,210,50863,558,0.208418
1000,6750,260,73367,655,0.275857
1000,6750,310,99715,753,0.332478
1000,6750,360,129233,851,0.403395
1000,6750,410,161937,949,0.483826
1000,6750,460,197811,1046,0.550691
1000,6750,510,238131,1144,0.63404
1000,6750,560,281641,1242,0.711335
1000,6750,610,328303,1340,0.799276
1000,6750,660,378135,1438,0.891046
1000,6750,710,431873,1535,0.977919
1000,6750,760,489337,1633,1.08186
1000,7000,10,5953,3898,0.0368404
1000,7000,60,5322,274,0.0499577
1000,7000,110,16606,372,0.102295
1000,7000,160,32152,469,0.153221
1000,7000,210,50868,552,0.221946
1000,7000,260,73372,649,0.276467
1000,7000,310,99720,747,0.341273
1000,7000,360,129238,845,0.415973
1000,7000,410,161942,943,0.489638
1000,7000,460,197816,1040,0.568885
1000,7000,510,238136,1138,0.63566
1000,7000,560,281646,1236,0.722295
1000,7000,610,328308,1334,0.824441
1000,7000,660,378140,1432,0.905987
1000,7000,710,431878,1529,1.01086
1000,7000,760,489342,1627,1.09191
1000,7250,10,6073,4011,0.0364371
1000,7250,60,5327,279,0.052537
1000,7250,110,16611,376,0.105535
1000,7250,160,32157,474,0.167369
1000,7250,210,50873,569,0.230365
1000,7250,260,73377,665,0.289144
1000,7250,310,99725,763,0.367847
1000,7250,360,129243,861,0.432024
1000,7250,410,161947,959,0.511796
1000,7250,460,197821,1056,0.566076
1000,7250,510,238141,1154,0.66055
1000,7250,560,281651,1252,0.752809
1000,7250,610,328313,1350,0.82441
1000,7250,660,378145,1448,0.933684
1000,7250,710,431883,1545,1.01937
1000,7250,760,489347,1643,1.14749
1000,7500,10,6217,4181,0.0369068
1000,7500,60,5333,285,0.0522821
1000,7500,110,16617,383,0.106183
1000,7500,160,32163,478,0.16932
1000,7500,210,50879,573,0.233997
1000,7500,260,73383,669,0.302788
1000,7500,310,99731,767,0.368297
1000,7500,360,129249,865,0.432951
1000,7500,410,161953,963,0.503971
1000,7500,460,197827,1060,0.597458
1000,7500,510,238147,1158,0.673338
1000,7500,560,281657,1256,0.763478
1000,7500,610,328319,1354,0.857969
1000,7500,660,378151,1452,0.946355
1000,7500,710,431889,1549,1.05403
1000,7500,760,489353,1647,1.15627
1000,7750,10,6337,4329,0.0375277
1000,7750,60,5338,290,0.0566678
1000,7750,110,16622,388,0.117113
1000,7750,160,32168,485,0.171575
1000,7750,210,50884,573,0.237262
1000,7750,260,73388,668,0.305897
1000,7750,310,99736,766,0.371461
1000,7750,360,129254,864,0.447491
1000,7750,410,161958,962,0.526329
1000,7750,460,197832,1059,0.608135
1000,7750,510,238152,1157,0.70177
1000,7750,560,281662,1255,0.771711
1000,7750,610,328324,1353,0.886991
1000,7750,660,378156,1451,0.988899
1000,7750,710,431894,1548,1.06649
1000,7750,760,489358,1646,1.20521
1000,8000,10,6457,4455,0.0388746
1000,8000,60,5343,295,0.0558076
1000,8000,110,16627,393,0.110547
1000,8000,160,32173,490,0.181697
1000,8000,210,50889,583,0.240297
1000,8000,260,73393,677,0.316572
1000,8000,310,99741,775,0.388181
1000,8000,360,129259,873,0.459049
1000,8000,410,161963,971,0.548707
1000,8000,460,197837,1068,0.631235
1000,8000,510,238157,1166,0.719345
1000,8000,560,281667,1264,0.793219
1000,8000,610,328329,1362,0.902662
1000,8000,660,378161,1460,1.0051
1000,8000,710,431899,1557,1.10139
1000,8000,760,489363,1655,1.18496
1000,8250,10,6577,4581,0.042493
1000,8250,60,5348,300,0.0597002
1000,8250,110,16632,398,0.122098
1000,8250,160,32178,495,0.183913
1000,8250,210,50894,591,0.251713
1000,8250,260,73398,685,0.325875
1000,8250,310,99746,783,0.399878
1000,8250,360,129264,881,0.47527
1000,8250,410,161968,979,0.549464
1000,8250,460,197842,1076,0.641795
1000,8250,510,238162,1174,0.733166
1000,8250,560,281672,1272,0.834003
1000,8250,610,328334,1370,0.903977
1000,8250,660,378166,1468,1.01097
1000,8250,710,431904,1565,1.11364
1000,8250,760,489368,1663,1.22828
1000,8500,10,6697,4730,0.0408525
1000,8500,60,5353,305,0.0596327
1000,8500,110,16637,403,0.118052
1000,8500,160,32183,500,0.187157
1000,8500,210,50899,595,0.262537
1000,8500,260,73403,676,0.333604
1000,8500,310,99751,774,0.406646
1000,8500,360,129269,872,0.490586
1000,8500,410,161973,970,0.578889
1000,8500,460,197847,1067,0.651032
1000,8500,510,238167,1165,0.737156
1000,8500,560,281677,1263,0.830541
1000,8500,610,328339,1361,0.930722
1000,8500,660,378171,1459,1.03552
1000,8500,710,431909,1556,1.14088
1000,8500,760,489373,1654,1.25762
1000,8750,10,6817,4857,0.0431569
1000,8750,60,5358,310,0.0632064
1000,8750,110,16642,408,0.12846
1000,8750,160,32188,506,0.196765
1000,8750,210,50904,600,0.262939
1000,8750,260,73408,683,0.343175
1000,8750,310,99756,781,0.412966
1000,8750,360,129274,879,0.489961
1000,8750,410,161978,977,0.576367
1000,8750,460,197852,1074,0.670502
1000,8750,510,238172,1172,0.760564
1000,8750,560,281682,1270,0.853957
1000,8750,610,328344,1368,0.953658
1000,8750,660,378176,1466,1.03037
1000,8750,710,431914,1563,1.18626
1000,8750,760,489378,1661,1.29684
1000,9000,10,6937,5036,0.0447132
1000,9000,60,5363,316,0.0638521
1000,9000,110,16647,413,0.130616
1000,9000,160,32193,510,0.199861
1000,9000,210,50909,608,0.274931
1000,9000,260,73413,690,0.351581
1000,9000,310,99761,788,0.433616
1000,9000,360,129279,886,0.497622
1000,9000,410,161983,984,0.591949
1000,9000,460,197857,1081,0.68907
1000,9000,510,238177,1179,0.7707
1000,9000,560,281687,1277,0.890787
1000,9000,610,328349,1375,0.99059
1000,9000,660,378181,1473,1.0695
1000,9000,710,431919,1570,1.18176
1000,9000,760,489383,1668,1.32312
1000,9250,10,7057,5149,0.0456469
1000,9250,60,5368,321,0.0656582
1000,9250,110,16652,418,0.13032
1000,9250,160,32198,516,0.201125
1000,9250,210,50914,613,0.27788
1000,9250,260,73418,692,0.349067
1000,9250,310,99766,790,0.435824
1000,9250,360,129284,888,0.533316
1000,9250,410,161988,986,0.61167
1000,9250,460,197862,1083,0.711669
1000,9250,510,238182,1181,0.799213
1000,9250,560,281692,1279,0.895155
1000,9250,610,328354,1377,0.99081
1000,9250,660,378186,1475,1.09916
1000,9250,710,431924,1572,1.20823
1000,9250,760,489388,1670,1.34132
1000,9500,10,7177,5284,0.0451027
1000,9500,60,5373,325,0.0678748
1000,9500,110,16657,423,0.13654
1000,9500,160,32203,520,0.211526
1000,9500,210,50919,619,0.285045
1000,9500,260,73423,701,0.358398
1000,9500,310,99771,799,0.453113
1000,9500,360,129289,897,0.526694
1000,9500,410,161993,995,0.620413
1000,9500,460,197867,1092,0.711367
1000,9500,510,238187,1190,0.808242
1000,9500,560,281697,1288,0.896495
1000,9500,610,328359,1386,1.02035
1000,9500,660,378191,1484,1.13283
1000,9500,710,431929,1581,1.23069
1000,9500,760,489393,1679,1.35294
1000,9750,10,7297,5437,0.0471536
1000,9750,60,5378,331,0.0697453
1000,9750,110,16662,428,0.138656
1000,9750,160,32208,525,0.208326
1000,9750,210,50924,624,0.282044
1000,9750,260,73428,710,0.36689
1000,9750,310,99776,806,0.460649
1000,9750,360,129294,904,0.537052
1000,9750,410,161998,1002,0.629151
1000,9750,460,197872,1099,0.743197
1000,9750,510,238192,1197,0.824639
1000,9750,560,281702,1295,0.90789
1000,9750,610,328364,1393,1.01007
1000,9750,660,378196,1491,1.13183
1000,9750,710,431934,1588,1.23909
1000,9750,760,489398,1686,1.37711
1000,10000,10,7441,5587,0.0474319
1000,10000,60,5384,337,0.071122
1000,10000,110,16668,434,0.138276
1000,10000,160,32214,532,0.225829
1000,10000,210,50930,628,0.298241
1000,10000,260,73434,710,0.366922
1000,10000,310,99782,807,0.46059
1000,10000,360,129300,905,0.545298
1000,10000,410,162004,1003,0.625857
1000,10000,460,197878,1100,0.734584
1000,10000,510,238198,1198,0.823433
1000,10000,560,281708,1296,0.929908
1000,10000,610,328370,1394,1.04619
1000,10000,660,378202,1492,1.12727
1000,10000,710,431940,1589,1.28626
1000,10000,760,489404,1687,1.39346
1000,10250,10,7561,5725,0.0497555
1000,10250,60,5389,342,0.0719713
1000,10250,110,16673,439,0.14495
1000,10250,160,32219,536,0.21628
1000,10250,210,50935,634,0.3039
1000,10250,260,73439,722,0.381662
1000,10250,310,99787,817,0.467488
1000,10250,360,129305,915,0.553853
1000,10250,410,162009,1013,0.673891
1000,10250,460,197883,1110,0.750627
1000,10250,510,238203,1208,0.862376
1000,10250,560,281713,1306,0.957998
1000,10250,610,328375,1404,1.04278
1000,10250,660,378207,1502,1.16121
1000,10250,710,431945,1599,1.28423
1000,10250,760,489409,1697,1.3783
1000,10500,10,7681,5872,0.0500036
1000,10500,60,5394,347,0.0721658
1000,10500,110,16678,444,0.146275
1000,10500,160,32224,542,0.230735
1000,10500,210,50940,639,0.313579
1000,10500,260,73444,724,0.390412
1000,10500,310,99792,809,0.473547
1000,10500,360,129310,907,0.570599
1000,10500,410,162014,1005,0.671492
1000,10500,460,197888,1102,0.776536
1000,10500,510,238208,1200,0.85501
1000,10500,560,281718,1298,0.962067
1000,10500,610,328380,1396,1.06562
1000,10500,660,378212,1494,1.21401
1000,10500,710,431950,1591,1.36251
1000,10500,760,489414,1689,1.48794
1000,10750,10,7801,5985,0.0532484
1000,10750,60,5399,352,0.0742119
1000,10750,110,16683,449,0.152753
1000,10750,160,32229,547,0.230627
1000,10750,210,50945,644,0.311702
1000,10750,260,73449,740,0.401409
1000,10750,310,99797,835,0.481338
1000,10750,360,129315,933,0.586553
1000,10750,410,162019,1031,0.693849
1000,10750,460,197893,1128,0.790037
1000,10750,510,238213,1226,0.88958
1000,10750,560,281723,1324,0.976495
1000,10750,610,328385,1422,1.10303
1000,10750,660,378217,1520,1.21059
1000,10750,710,431955,1617,1.32005
1000,10750,760,489419,1715,1.45063
1000,11000,10,7921,6136,0.0561576
1000,11000,60,5404,357,0.0795896
1000,11000,110,16688,455,0.162165
1000,11000,160,32234,552,0.241272
1000,11000,210,50950,649,0.315939
1000,11000,260,73454,739,0.410471
1000,11000,310,99802,819,0.49419
1000,11000,360,129320,917,0.595193
1000,11000,410,162024,1015,0.674616
1000,11000,460,197898,1112,0.783821
1000,11000,510,238218,1210,0.896465
1000,11000,560,281728,1308,1.0128
1000,11000,610,328390,1406,1.15692
1000,11000,660,378222,1504,1.26445
1000,11000,710,431960,1601,1.3868
1000,11000,760,489424,1699,1.4874
1000,11250,10,8041,6252,0.054453
1000,11250,60,5409,362,0.0789801
1000,11250,110,16693,459,0.163903
1000,11250,160,32239,557,0.248017
1000,11250,210,50955,654,0.332864
1000,11250,260,73459,751,0.435084
1000,11250,310,99807,843,0.525819
1000,11250,360,129325,941,0.609762
1000,11250,410,162029,1039,0.705453
1000,11250,460,197903,1136,0.813028
1000,11250,510,238223,1234,0.925864
1000,11250,560,281733,1332,1.04483
1000,11250,610,328395,1430,1.16825
1000,11250,660,378227,1528,1.29453
1000,11250,710,431965,1625,1.43108
1000,11250,760,489429,1723,1.5503
1000,11500,10,8161,6426,0.0560932
1000,11500,60,5414,367,0.0820765
1000,11500,110,16698,464,0.166233
1000,11500,160,32244,562,0.246533
1000,11500,210,50960,659,0.342411
1000,11500,260,73464,755,0.429727
1000,11500,310,99812,848,0.523927
1000,11500,360,129330,946,0.626435
1000,11500,410,162034,1044,0.737503
1000,11500,460,197908,1141,0.839426
1000,11500,510,238228,1239,0.953005
1000,11500,560,281738,1337,1.05214
1000,11500,610,328400,1435,1.19859
1000,11500,660,378232,1533,1.30306
1000,11500,710,431970,1630,1.44089
1000,11500,760,489434,1728,1.59329
1000,11750,10,8281,6549,0.0591366
1000,11750,60,5419,372,0.0857143
1000,11750,110,16703,469,0.158957
1000,11750,160,32249,567,0.255263
1000,11750,210,50965,664,0.347739
1000,11750,260,73469,762,0.435202
1000,11750,310,99817,853,0.53403
1000,11750,360,129335,951,0.637983
1000,11750,410,162039,1049,0.735033
1000,11750,460,197913,1146,0.849973
1000,11750,510,238233,1244,0.953218
1000,11750,560,281743,1342,1.10361
1000,11750,610,328405,1440,1.20274
1000,11750,660,378237,1538,1.31717
1000,11750,710,431975,1635,1.44214
1000,11750,760,489439,1733,1.63654
1000,12000,10,8401,6693,0.0599508
1000,12000,60,5424,377,0.0887373
1000,12000,110,16708,474,0.175084
1000,12000,160,32254,572,0.259941
1000,12000,210,50970,669,0.364182
1000,12000,260,73474,767,0.464227
1000,12000,310,99822,849,0.564798
1000,12000,360,129340,947,0.67311
1000,12000,410,162044,1045,0.789773
1000,12000,460,197918,1142,0.898509
1000,12000,510,238238,1240,1.01269
1000,12000,560,281748,1338,1.12699
1000,12000,610,328410,1436,1.24458
1000,12000,660,378242,1534,1.35357
1000,12000,710,431980,1631,1.48872
1000,12000,760,489444,1729,1.63726
1000,12250,10,8521,6811,0.0602731
1000,12250,60,5429,382,0.0851981
1000,12250,110,16713,479,0.174087
1000,12250,160,32259,577,0.257429
1000,12250,210,50975,674,0.346943
1000,12250,260,73479,771,0.454494
1000,12250,310,99827,848,0.564082
1000,12250,360,129345,945,0.668779
1000,12250,410,162049,1043,0.759659
1000,12250,460,197923,1140,0.8806
1000,12250,510,238243,1238,0.97917
1000,12250,560,281753,1336,1.0982
1000,12250,610,328415,1434,1.23108
1000,12250,660,378247,1532,1.35721
1000,12250,710,431985,1629,1.51531
1000,12250,760,489449,1727,1.63589
1000,12500,10,8689,7000,0.0611189
1000,12500,60,5436,389,0.088567
1000,12500,110,16720,487,0.179956
1000,12500,160,32266,584,0.267322
1000,12500,210,50982,681,0.363525
1000,12500,260,73486,777,0.467349
1000,12500,310,99834,851,0.554059
1000,12500,360,129352,948,0.675547
1000,12500,410,162056,1046,0.771267
1000,12500,460,197930,1143,0.896714
1000,12500,510,238250,1241,1.01897
1000,12500,560,281760,1339,1.12779
1000,12500,610,328422,1437,1.24909
1000,12500,660,378254,1535,1.37927
1000,12500,710,431992,1632,1.51394
1000,12500,760,489456,1730,1.64748
1000,12750,10,8809,7108,0.0632486
1000,12750,60,5441,394,0.0929376
1000,12750,110,16725,491,0.182174
1000,12750,160,32271,589,0.271336
1000,12750,210,50987,686,0.369031
1000,12750,260,73491,783,0.470684
1000,12750,310,99839,861,0.57511
1000,12750,360,129357,957,0.671922
1000,12750,410,162061,1055,0.805209
1000,12750,460,197935,1152,0.925975
1000,12750,510,238255,1250,1.03668
1000,12750,560,281765,1348,1.14057
1000,12750,610,328427,1446,1.26525
1000,12750,660,378259,1544,1.3874
1000,12750,710,431997,1641,1.54006
1000,12750,760,489461,1739,1.68739
1000,13000,10,8929,7247,0.0623386
1000,13000,60,5446,399,0.0908774
1000,13000,110,16730,496,0.186123
1000,13000,160,32276,594,0.281826
1000,13000,210,50992,692,0.377353
1000,13000,260,73496,788,0.482989
1000,13000,310,99844,884,0.584011
1000,13000,360,129362,980,0.687661
1000,13000,410,162066,1078,0.793179
1000,13000,460,197940,1175,0.937783
1000,13000,510,238260,1273,1.04075
1000,13000,560,281770,1371,1.15366
1000,13000,610,328432,1469,1.27666
1000,13000,660,378264,1567,1.42894
1000,13000,710,432002,1664,1.54861
1000,13000,760,489466,1762,1.71323
1000,13250,10,9049,7384,0.0631741
1000,13250,60,5451,404,0.0908669
1000,13250,110,16735,501,0.1893
1000,13250,160,32281,599,0.281357
1000,13250,210,50997,697,0.382886
1000,13250,260,73501,793,0.499709
1000,13250,310,99849,887,0.622086
1000,13250,360,129367,982,0.707671
1000,13250,410,162071,1080,0.824146
1000,13250,460,197945,1177,0.962397
1000,13250,510,238265,1275,1.05425
1000,13250,560,281775,1373,1.18232
1000,13250,610,328437,1471,1.30805
1000,13250,660,378269,1569,1.46103
1000,13250,710,432007,1666,1.6088
1000,13250,760,489471,1764,1.77883
1000,13500,10,9169,7504,0.0673845
1000,13500,60,5456,409,0.093927
1000,13500,110,16740,506,0.187316
1000,13500,160,32286,605,0.292634
1000,13500,210,51002,701,0.392013
1000,13500,260,73506,798,0.490225
1000,13500,310,99854,888,0.609772
1000,13500,360,129372,977,0.707707
1000,13500,410,162076,1075,0.826797
1000,13500,460,197950,1172,0.957187
1000,13500,510,238270,1270,1.07376
1000,13500,560,281780,1368,1.20364
1000,13500,610,328442,1466,1.33681
1000,13500,660,378274,1564,1.4439
1000,13500,710,432012,1661,1.59404
1000,13500,760,489476,1759,1.78544
1000,13750,10,9289,7666,0.0694617
1000,13750,60,5461,414,0.0966119
1000,13750,110,16745,511,0.193409
1000,13750,160,32291,609,0.297031
1000,13750,210,51007,706,0.396978
1000,13750,260,73511,803,0.495038
1000,13750,310,99859,899,0.615945
1000,13750,360,129377,974,0.735472
1000,13750,410,162081,1072,0.85328
1000,13750,460,197955,1169,0.974415
1000,13750,510,238275,1267,1.10554
1000,13750,560,281785,1365,1.22394
1000,13750,610,328447,1463,1.34869
1000,13750,660,378279,1561,1.51083
1000,13750,710,432017,1658,1.60665
1000,13750,760,489481,1756,1.7869
1000,14000,10,9409,7786,0.0675921
1000,14000,60,5466,419,0.100099
1000,14000,110,16750,516,0.196888
1000,14000,160,32296,614,0.295792
1000,14000,210,51012,711,0.395888
1000,14000,260,73516,808,0.511755
1000,14000,310,99864,906,0.622405
1000,14000,360,129382,980,0.739929
1000,14000,410,162086,1078,0.877061
1000,14000,460,197960,1175,1.03296
1000,14000,510,238280,1273,1.16057
1000,14000,560,281790,1371,1.24916
1000,14000,610,328452,1469,1.3732
1000,14000,660,378284,1567,1.50376
1000,14000,710,432022,1664,1.66002
1000,14000,760,489486,1762,1.80785
1000,14250,10,9529,7911,0.0708839
1000,14250,60,5471,424,0.0994371
1000,14250,110,16755,522,0.203494
1000,14250,160,32301,619,0.30297
1000,14250,210,51017,717,0.41404
1000,14250,260,73521,813,0.507608
1000,14250,310,99869,911,0.632106
1000,14250,360,129387,977,0.769354
1000,14250,410,162091,1075,0.877772
1000,14250,460,197965,1172,0.994787
1000,14250,510,238285,1270,1.11822
1000,14250,560,281795,1368,1.2801
1000,14250,610,328457,1466,1.39972
1000,14250,660,378289,1564,1.53202
1000,14250,710,432027,1661,1.6918
1000,14250,760,489491,1759,1.7811
1000,14500,10,9649,8038,0.070551
1000,14500,60,5476,429,0.0993607
1000,14500,110,16760,526,0.19456
1000,14500,160,32306,624,0.30188
1000,14500,210,51022,721,0.412656
1000,14500,260,73526,818,0.509803
1000,14500,310,99874,917,0.64613
1000,14500,360,129392,993,0.759538
1000,14500,410,162096,1090,0.869022
1000,14500,460,197970,1187,1.00025
1000,14500,510,238290,1285,1.14504
1000,14500,560,281800,1383,1.25256
1000,14500,610,328462,1481,1.44523
1000,14500,660,378294,1579,1.59147
1000,14500,710,432032,1676,1.7153
1000,14500,760,489496,1774,1.83288
1000,14750,10,9793,8231,0.0737543
1000,14750,60,5482,435,0.102245
1000,14750,110,16766,533,0.200974
1000,14750,160,32312,630,0.303399
1000,14750,210,51028,728,0.429809
1000,14750,260,73532,825,0.539897
1000,14750,310,99880,922,0.663918
1000,14750,360,129398,1011,0.771626
1000,14750,410,162102,1108,0.900897
1000,14750,460,197976,1205,0.997184
1000,14750,510,238296,1303,1.15568
1000,14750,560,281806,1401,1.27979
1000,14750,610,328468,1499,1.45106
1000,14750,660,378300,1597,1.56407
1000,14750,710,432038,1694,1.72446
1000,14750,760,489502,1792,1.88237
1000,15000,10,9913,8323,0.0726426
1000,15000,60,5487,440,0.104494
1000,15000,110,16771,538,0.215614
1000,15000,160,32317,636,0.324571
1000,15000,210,51033,732,0.436692
1000,15000,260,73537,829,0.537079
1000,15000,310,99885,927,0.670316
1000,15000,360,129403,1019,0.78127
1000,15000,410,162107,1116,0.916034
1000,15000,460,197981,1213,1.04031
1000,15000,510,238301,1311,1.17323
1000,15000,560,281811,1409,1.31104
1000,15000,610,328473,1507,1.4693
1000,15000,660,378305,1605,1.61882
1000,15000,710,432043,1702,1.72765
1000,15000,760,489507,1800,1.86298
1000,15250,10,10033,8461,0.0754634
1000,15250,60,5492,445,0.102974
1000,15250,110,16776,543,0.209719
1000,15250,160,32322,641,0.326676
1000,15250,210,51038,737,0.436268
1000,15250,260,73542,834,0.538881
1000,15250,310,99890,932,0.666231
1000,15250,360,129408,1019,0.790021
1000,15250,410,162112,1103,0.930269
1000,15250,460,197986,1200,1.05248
1000,15250,510,238306,1298,1.18492
1000,15250,560,281816,1396,1.33063
1000,15250,610,328478,1494,1.47084
1000,15250,660,378310,1592,1.61446
1000,15250,710,432048,1689,1.77274
1000,15250,760,489512,1787,1.92645
1000,15500,10,10153,8620,0.0759018
1000,15500,60,5497,450,0.109322
1000,15500,110,16781,548,0.218191
1000,15500,160,32327,646,0.329103
1000,15500,210,51043,743,0.446245
1000,15500,260,73547,840,0.567694
1000,15500,310,99895,937,0.684883
1000,15500,360,129413,1027,0.796967
1000,15500,410,162117,1123,0.933691
1000,15500,460,197991,1220,1.06744
1000,15500,510,238311,1318,1.21331
1000,15500,560,281821,1416,1.34371
1000,15500,610,328483,1514,1.48482
1000,15500,660,378315,1612,1.65254
1000,15500,710,432053,1709,1.79293
1000,15500,760,489517,1807,1.93227
1000,15750,10,10273,8743,0.0758435
1000,15750,60,5502,455,0.107748
1000,15750,110,16786,553,0.212478
1000,15750,160,32332,651,0.33759
1000,15750,210,51048,748,0.453078
1000,15750,260,73552,844,0.563669
1000,15750,310,99900,941,0.679129
1000,15750,360,129418,1028,0.819835
1000,15750,410,162122,1102,0.929841
1000,15750,460,197996,1199,1.08396
1000,15750,510,238316,1297,1.22425
1000,15750,560,281826,1395,1.36348
1000,15750,610,328488,1493,1.51172
1000,15750,660,378320,1591,1.66179
1000,15750,710,432058,1688,1.81337
1000,15750,760,489522,1786,1.96552
1000,16000,10,10393,8891,0.0791762
1000,16000,60,5507,460,0.108205
1000,16000,110,16791,558,0.22442
1000,16000,160,32337,656,0.335456
1000,16000,210,51053,753,0.465837
1000,16000,260,73557,849,0.566586
1000,16000,310,99905,947,0.700622
1000,16000,360,129423,1045,0.825481
1000,16000,410,162127,1127,0.974739
1000,16000,460,198001,1224,1.09242
1000,16000,510,238321,1322,1.22667
1000,16000,560,281831,1420,1.38708
1000,16000,610,328493,1518,1.52967
1000,16000,660,378325,1616,1.66449
1000,16000,710,432063,1713,1.85483
1000,16000,760,489527,1811,1.99893
1000,16250,10,10513,9046,0.0781868
1000,16250,60,5512,465,0.114183
1000,16250,110,16796,563,0.226803
1000,16250,160,32342,661,0.344746
1000,16250,210,51058,758,0.462475
1000,16250,260,73562,854,0.592085
1000,16250,310,99910,951,0.709253
1000,16250,360,129428,1050,0.837127
1000,16250,410,162132,1115,0.967602
1000,16250,460,198006,1212,1.1045
1000,16250,510,238326,1310,1.24231
1000,16250,560,281836,1408,1.39485
1000,16250,610,328498,1506,1.56488
1000,16250,660,378330,1604,1.70459
1000,16250,710,432068,1701,1.83581
1000,16250,760,489532,1799,2.00117
1000,16500,10,10633,9142,0.0777562
1000,16500,60,5517,470,0.117647
1000,16500,110,16801,568,0.230574
1000,16500,160,32347,666,0.341595
1000,16500,210,51063,763,0.466032
1000,16500,260,73567,860,0.592764
1000,16500,310,99915,956,0.712081
1000,16500,360,129433,1055,0.846712
1000,16500,410,162137,1119,0.985511
1000,16500,460,198011,1215,1.15509
1000,16500,510,238331,1313,1.26506
1000,16500,560,281841,1411,1.42162
1000,16500,610,328503,1509,1.56351
1000,16500,660,378335,1607,1.73498
1000,16500,710,432073,1704,1.90522
1000,16500,760,489537,1802,2.06522
1000,16750,10,10753,9264,0.0805015
1000,16750,60,5522,475,0.117444
1000,16750,110,16806,573,0.232297
1000,16750,160,32352,671,0.360504
1000,16750,210,51068,768,0.477778
1000,16750,260,73572,864,0.606309
1000,16750,310,99920,962,0.764083
1000,16750,360,129438,1060,0.898514
1000,16750,410,162142,1145,0.983819
1000,16750,460,198016,1241,1.13446
1000,16750,510,238336,1339,1.28899
1000,16750,560,281846,1437,1.4296
1000,16750,610,328508,1535,1.59443
1000,16750,660,378340,1633,1.74445
1000,16750,710,432078,1730,1.88392
1000,16750,760,489542,1828,2.07702
1000,17000,10,10873,9407,0.0815205
1000,17000,60,5527,480,0.120387
1000,17000,110,16811,578,0.237977
1000,17000,160,32357,676,0.364214
1000,17000,210,51073,773,0.490242
1000,17000,260,73577,869,0.620432
1000,17000,310,99925,967,0.740279
1000,17000,360,129443,1061,0.891047
1000,17000,410,162147,1139,1.04101
1000,17000,460,198021,1235,1.17049
1000,17000,510,238341,1333,1.30381
1000,17000,560,281851,1431,1.45672
1000,17000,610,328513,1529,1.61922
1000,17000,660,378345,1627,1.76548
1000,17000,710,432083,1724,1.96252
1000,17000,760,489547,1822,2.07892
1000,17250,10,11017,9528,0.0820857
1000,17250,60,5533,486,0.122327
1000,17250,110,16817,584,0.235942
1000,17250,160,32363,682,0.36129
1000,17250,210,51079,779,0.491367
1000,17250,260,73583,876,0.626798
1000,17250,310,99931,973,0.745986
1000,17250,360,129449,1070,0.886036
1000,17250,410,162153,1147,1.0258
1000,17250,460,198027,1242,1.18015
1000,17250,510,238347,1340,1.30499
1000,17250,560,281857,1438,1.48449
1000,17250,610,328519,1536,1.61704
1000,17250,660,378351,1634,1.76465
1000,17250,710,432089,1731,1.92806
1000,17250,760,489553,1829,2.10702
1000,17500,10,11137,9701,0.0855645
1000,17500,60,5538,491,0.118843
1000,17500,110,16822,589,0.239472
1000,17500,160,32368,687,0.361614
1000,17500,210,51084,784,0.508009
1000,17500,260,73588,881,0.62401
1000,17500,310,99936,979,0.777288
1000,17500,360,129454,1076,0.912902
1000,17500,410,162158,1171,1.04301
1000,17500,460,198032,1266,1.18332
1000,17500,510,238352,1364,1.32257
1000,17500,560,281862,1462,1.45742
1000,17500,610,328524,1560,1.62961
1000,17500,660,378356,1658,1.82937
1000,17500,710,432094,1755,1.96048
1000,17500,760,489558,1853,2.15935
1000,17750,10,11257,9819,0.0877744
1000,17750,60,5543,496,0.124795
1000,17750,110,16827,594,0.239583
1000,17750,160,32373,692,0.372991
1000,17750,210,51089,789,0.498091
1000,17750,260,73593,886,0.625237
1000,17750,310,99941,983,0.755007
1000,17750,360,129459,1080,0.912144
1000,17750,410,162163,1164,1.0623
1000,17750,460,198037,1240,1.22311
1000,17750,510,238357,1338,1.35682
1000,17750,560,281867,1436,1.49421
1000,17750,610,328529,1534,1.64101
1000,17750,660,378361,1632,1.79782
1000,17750,710,432099,1729,1.98644
1000,17750,760,489563,1827,2.14778
1000,18000,10,11377,9938,0.0879986
1000,18000,60,5548,501,0.123793
1000,18000,110,16832,599,0.24754
1000,18000,160,32378,697,0.37953
1000,18000,210,51094,794,0.50126
1000,18000,260,73598,891,0.657616
1000,18000,310,99946,988,0.780389
1000,18000,360,129464,1086,0.915939
1000,18000,410,162168,1173,1.05322
1000,18000,460,198042,1267,1.21091
1000,18000,510,238362,1365,1.37105
1000,18000,560,281872,1463,1.53584
1000,18000,610,328534,1561,1.64902
1000,18000,660,378366,1659,1.82316
1000,18000,710,432104,1756,2.0111
1000,18000,760,489568,1854,2.1786
1000,18250,10,11497,10061,0.0884123
1000,18250,60,5553,506,0.127592
1000,18250,110,16837,604,0.251633
1000,18250,160,32383,702,0.381303
1000,18250,210,51099,799,0.504017
1000,18250,260,73603,896,0.638106
1000,18250,310,99951,994,0.800822
1000,18250,360,129469,1091,0.928618
1000,18250,410,162173,1186,1.07851
1000,18250,460,198047,1278,1.2553
1000,18250,510,238367,1376,1.39121
1000,18250,560,281877,1474,1.53587
1000,18250,610,328539,1572,1.73773
1000,18250,660,378371,1670,1.88697
1000,18250,710,432109,1767,1.99774
1000,18250,760,489573,1865,2.22045
1000,18500,10,11641,10229,0.0914211
1000,18500,60,5559,512,0.126909
1000,18500,110,16843,610,0.253026
1000,18500,160,32389,708,0.373442
1000,18500,210,51105,805,0.514877
1000,18500,260,73609,902,0.643032
1000,18500,310,99957,999,0.784193
1000,18500,360,129475,1097,0.937413
1000,18500,410,162179,1194,1.08552
1000,18500,460,198053,1265,1.23486
1000,18500,510,238373,1363,1.35909
1000,18500,560,281883,1461,1.50339
1000,18500,610,328545,1559,1.71991
1000,18500,660,378377,1657,1.9007
1000,18500,710,432115,1754,2.03732
1000,18500,760,489579,1852,2.22327
1000,18750,10,11761,10326,0.0893247
1000,18750,60,5564,517,0.128276
1000,18750,110,16848,615,0.254695
1000,18750,160,32394,713,0.389182
1000,18750,210,51110,810,0.517634
1000,18750,260,73614,907,0.651989
1000,18750,310,99962,1004,0.79147
1000,18750,360,129480,1101,0.936578
1000,18750,410,162184,1198,1.08799
1000,18750,460,198058,1258,1.2587
1000,18750,510,238378,1356,1.38356
1000,18750,560,281888,1454,1.55184
1000,18750,610,328550,1552,1.72515
1000,18750,660,378382,1650,1.87934
1000,18750,710,432120,1747,2.08121
1000,18750,760,489584,1845,2.21843
1000,19000,10,11881,10466,0.0906789
1000,19000,60,5569,522,0.129467
1000,19000,110,16853,620,0.25744
1000,19000,160,32399,718,0.393062
1000,19000,210,51115,815,0.532569
1000,19000,260,73619,912,0.667471
1000,19000,310,99967,1010,0.806982
1000,19000,360,129485,1107,0.978918
1000,19000,410,162189,1206,1.08259
1000,19000,460,198063,1284,1.23452
1000,19000,510,238383,1382,1.43781
1000,19000,560,281893,1480,1.55572
1000,19000,610,328555,1578,1.71887
1000,19000,660,378387,1676,1.87866
1000,19000,710,432125,1773,2.17153
1000,19000,760,489589,1871,2.3459
1000,19250,10,12001,10600,0.0894182
1000,19250,60,5574,527,0.131973
1000,19250,110,16858,625,0.264521
1000,19250,160,32404,723,0.406207
1000,19250,210,51120,820,0.528555
1000,19250,260,73624,917,0.685657
1000,19250,310,99972,1015,0.819473
1000,19250,360,129490,1112,0.976626
1000,19250,410,162194,1211,1.13865
1000,19250,460,198068,1303,1.27625
1000,19250,510,238388,1401,1.45316
1000,19250,560,281898,1499,1.61087
1000,19250,610,328560,1597,1.77693
1000,19250,660,378392,1695,1.94027
1000,19250,710,432130,1792,2.13804
1000,19250,760,489594,1890,2.34679
1000,19500,10,12121,10747,0.0974315
1000,19500,60,5579,532,0.135852
1000,19500,110,16863,630,0.273761
1000,19500,160,32409,728,0.402654
1000,19500,210,51125,826,0.540172
1000,19500,260,73629,922,0.706292
1000,19500,310,99977,1020,0.844271
1000,19500,360,129495,1117,0.979732
1000,19500,410,162199,1216,1.14655
1000,19500,460,198073,1299,1.29445
1000,19500,510,238393,1396,1.45233
1000,19500,560,281903,1494,1.63764
1000,19500,610,328565,1592,1.79296
1000,19500,660,378397,1690,1.96247
1000,19500,710,432135,1787,2.14843
1000,19500,760,489599,1885,2.34985
1000,19750,10,12265,10862,0.0991116
1000,19750,60,5585,538,0.131424
1000,19750,110,16869,636,0.27665
1000,19750,160,32415,734,0.411037
1000,19750,210,51131,831,0.562515
1000,19750,260,73635,927,0.714958
1000,19750,310,99983,1025,0.837152
1000,19750,360,129501,1123,1.0042
1000,19750,410,162205,1219,1.14137
1000,19750,460,198079,1277,1.31103
1000,19750,510,238399,1374,1.45174
1000,19750,560,281909,1472,1.6457
1000,19750,610,328571,1570,1.81019
1000,19750,660,378403,1668,2.01471
1000,19750,710,432141,1765,2.18992
1000,19750,760,489605,1863,2.37916
1000,20000,10,12385,11012,0.0978014
1000,20000,60,5590,543,0.133642
1000,20000,110,16874,641,0.279528
1000,20000,160,32420,739,0.409961
1000,20000,210,51136,837,0.564048
1000,20000,260,73640,933,0.720755
1000,20000,310,99988,1031,0.858639
1000,20000,360,129506,1129,1.00511
1000,20000,410,162210,1226,1.16969
1000,20000,460,198084,1320,1.33535
1000,20000,510,238404,1417,1.51746
1000,20000,560,281914,1515,1.64061
1000,20000,610,328576,1613,1.83364
1000,20000,660,378408,1711,2.0315
1000,20000,710,432146,1808,2.22337
1000,20000,760,489610,1906,2.3693
1000,20250,10,12505,11163,0.0959062
1000,20250,60,5595,548,0.140441
1000,20250,110,16879,646,0.277475
1000,20250,160,32425,744,0.422724
1000,20250,210,51141,842,0.569568
1000,20250,260,73645,938,0.719937
1000,20250,310,99993,1036,0.874274
1000,20250,360,129511,1134,1.02959
1000,20250,410,162215,1231,1.17869
1000,20250,460,198089,1325,1.34029
1000,20250,510,238409,1420,1.51584
1000,20250,560,281919,1518,1.69457
1000,20250,610,328581,1616,1.84447
1000,20250,660,378413,1714,2.02753
1000,20250,710,432151,1811,2.23675
1000,20250,760,489615,1909,2.37029
1000,20500,10,12625,11257,0.0957209
1000,20500,60,5600,553,0.14392
1000,20500,110,16884,651,0.284953
1000,20500,160,32430,749,0.425649
1000,20500,210,51146,847,0.57294
1000,20500,260,73650,943,0.714782
1000,20500,310,99998,1041,0.875053
1000,20500,360,129516,1139,1.03061
1000,20500,410,162220,1236,1.19792
1000,20500,460,198094,1327,1.39222
1000,20500,510,238414,1422,1.52976
1000,20500,560,281924,1520,1.7159
1000,20500,610,328586,1618,1.87207
1000,20500,660,378418,1716,2.05801
1000,20500,710,432156,1813,2.25858
1000,20500,760,489620,1911,2.44362
1000,20750,10,12745,11424,0.0985705
1000,20750,60,5605,558,0.14435
1000,20750,110,16889,656,0.281647
1000,20750,160,32435,754,0.441276
1000,20750,210,51151,852,0.581526
1000,20750,260,73655,948,0.728984
1000,20750,310,100003,1046,0.891166
1000,20750,360,129521,1143,1.0423
1000,20750,410,162225,1240,1.21461
1000,20750,460,198099,1335,1.3697
1000,20750,510,238419,1398,1.58166
1000,20750,560,281929,1496,1.73319
1000,20750,610,328591,1594,1.88856
1000,20750,660,378423,1692,2.10767
1000,20750,710,432161,1789,2.22693
1000,20750,760,489625,1887,2.42513
1000,21000,10,12865,11554,0.101733
1000,21000,60,5610,563,0.152912
1000,21000,110,16894,661,0.290764
1000,21000,160,32440,759,0.443995
1000,21000,210,51156,857,0.5906
1000,21000,260,73660,952,0.736535
1000,21000,310,100008,1051,0.893355
1000,21000,360,129526,1148,1.07989
1000,21000,410,162230,1246,1.22289
1000,21000,460,198104,1343,1.37889
1000,21000,510,238424,1422,1.56955
1000,21000,560,281934,1520,1.73889
1000,21000,610,328596,1618,1.92444
1000,21000,660,378428,1716,2.09965
1000,21000,710,432166,1813,2.27919
1000,21000,760,489630,1911,2.4739
1000,21250,10,12985,11682,0.101566
1000,21250,60,5615,568,0.153814
1000,21250,110,16899,666,0.292842
1000,21250,160,32445,764,0.438659
1000,21250,210,51161,862,0.592154
1000,21250,260,73665,958,0.748077
1000,21250,310,100013,1056,0.918279
1000,21250,360,129531,1154,1.0687
1000,21250,410,162235,1250,1.2323
1000,21250,460,198109,1348,1.41009
1000,21250,510,238429,1401,1.60898
1000,21250,560,281939,1499,1.75392
1000,21250,610,328601,1597,1.93661
1000,21250,660,378433,1695,2.08631
1000,21250,710,432171,1792,2.29891
1000,21250,760,489635,1890,2.52642
1000,21500,10,13105,11797,0.103189
1000,21500,60,5620,573,0.151781
1000,21500,110,16904,671,0.300436
1000,21500,160,32450,769,0.442478
1000,21500,210,51166,867,0.611098
1000,21500,260,73670,963,0.750105
1000,21500,310,100018,1060,0.907001
1000,21500,360,129536,1158,1.07401
1000,21500,410,162240,1255,1.24628
1000,21500,460,198114,1353,1.43193
1000,21500,510,238434,1412,1.58559
1000,21500,560,281944,1510,1.74558
1000,21500,610,328606,1608,1.95419
1000,21500,660,378438,1706,2.15788
1000,21500,710,432176,1803,2.34102
1000,21500,760,489640,1901,2.51419
1000,21750,10,13225,11950,0.107125
1000,21750,60,5625,578,0.147634
1000,21750,110,16909,676,0.316657
1000,21750,160,32455,774,0.438252
1000,21750,210,51171,872,0.62024
1000,21750,260,73675,968,0.756268
1000,21750,310,100023,1066,0.910568
1000,21750,360,129541,1163,1.10317
1000,21750,410,162245,1261,1.23726
1000,21750,460,198119,1352,1.39816
1000,21750,510,238439,1447,1.6006
1000,21750,560,281949,1545,1.7528
1000,21750,610,328611,1643,1.98048
1000,21750,660,378443,1741,2.13958
1000,21750,710,432181,1838,2.30457
1000,21750,760,489645,1936,2.51288
1000,22000,10,13345,12056,0.105323
1000,22000,60,5630,583,0.145529
1000,22000,110,16914,681,0.297618
1000,22000,160,32460,779,0.446815
1000,22000,210,51176,877,0.595412
1000,22000,260,73680,973,0.749917
1000,22000,310,100028,1071,0.933498
1000,22000,360,129546,1168,1.0922
1000,22000,410,162250,1265,1.23271
1000,22000,460,198124,1362,1.44558
1000,22000,510,238444,1418,1.61718
1000,22000,560,281954,1516,1.82271
1000,22000,610,328616,1614,1.99277
1000,22000,660,378448,1712,2.18061
1000,22000,710,432186,1809,2.37717
1000,22000,760,489650,1907,2.5867
1000,22250,10,13489,12196,0.106974
1000,22250,60,5636,589,0.152885
1000,22250,110,16920,687,0.302632
1000,22250,160,32466,785,0.456584
1000,22250,210,51182,883,0.626759
1000,22250,260,73686,979,0.781604
1000,22250,310,100034,1076,0.946563
1000,22250,360,129552,1174,1.08952
1000,22250,410,162256,1272,1.25949
1000,22250,460,198130,1368,1.44537
1000,22250,510,238450,1428,1.61947
1000,22250,560,281960,1525,1.79398
1000,22250,610,328622,1623,1.98381
1000,22250,660,378454,1721,2.22827
1000,22250,710,432192,1818,2.36753
1000,22250,760,489656,1916,2.57716
1000,22500,10,13609,12318,0.108151
1000,22500,60,5641,594,0.162015
1000,22500,110,16925,692,0.307068
1000,22500,160,32471,790,0.45624
1000,22500,210,51187,888,0.604997
1000,22500,260,73691,984,0.769527
1000,22500,310,100039,1082,0.93747
1000,22500,360,129557,1179,1.12681
1000,22500,410,162261,1277,1.26231
1000,22500,460,198135,1374,1.47164
1000,22500,510,238455,1443,1.65033
1000,22500,560,281965,1539,1.85951
1000,22500,610,328627,1637,2.00573
1000,22500,660,378459,1735,2.16323
1000,22500,710,432197,1832,2.34798
1000,22500,760,489661,1930,2.6717
1000,22750,10,13729,12431,0.105394
1000,22750,60,5646,599,0.157239
1000,22750,110,16930,697,0.305864
1000,22750,160,32476,795,0.466768
1000,22750,210,51192,893,0.63667
1000,22750,260,73696,989,0.795727
1000,22750,310,100044,1087,0.951777
1000,22750,360,129562,1185,1.10729
1000,22750,410,162266,1282,1.30496
1000,22750,460,198140,1379,1.47485
1000,22750,510,238460,1461,1.66037
1000,22750,560,281970,1557,1.82807
1000,22750,610,328632,1655,2.0234
1000,22750,660,378464,1753,2.28038
1000,22750,710,432202,1850,2.37929
1000,22750,760,489666,1948,2.60756
1000,23000,10,13849,12588,0.105092
1000,23000,60,5651,604,0.165062
1000,23000,110,16935,702,0.309201
1000,23000,160,32481,800,0.459796
1000,23000,210,51197,898,0.629536
1000,23000,260,73701,994,0.780331
1000,23000,310,100049,1091,0.946011
1000,23000,360,129567,1190,1.1353
1000,23000,410,162271,1287,1.32964
1000,23000,460,198145,1384,1.47929
1000,23000,510,238465,1452,1.68485
1000,23000,560,281975,1548,1.9076
1000,23000,610,328637,1646,2.03507
1000,23000,660,378469,1744,2.22661
1000,23000,710,432207,1841,2.42618
1000,23000,760,489671,1939,2.67508
1000,23250,10,13969,12727,0.11508
1000,23250,60,5656,609,0.15555
1000,23250,110,16940,707,0.31383
1000,23250,160,32486,805,0.47179
1000,23250,210,51202,903,0.647563
1000,23250,260,73706,999,0.814822
1000,23250,310,100054,1096,0.97197
1000,23250,360,129572,1194,1.14788
1000,23250,410,162276,1291,1.34324
1000,23250,460,198150,1388,1.50082
1000,23250,510,238470,1473,1.69054
1000,23250,560,281980,1541,1.8654
1000,23250,610,328642,1639,2.0688
1000,23250,660,378474,1737,2.26835
1000,23250,710,432212,1834,2.45863
1000,23250,760,489676,1932,2.70306
1000,23500,10,14089,12835,0.1152
1000,23500,60,5661,614,0.164101
1000,23500,110,16945,712,0.319813
1000,23500,160,32491,810,0.486078
1000,23500,210,51207,908,0.652247
1000,23500,260,73711,1005,0.809381
1000,23500,310,100059,1102,0.990732
1000,23500,360,129577,1200,1.15818
1000,23500,410,162281,1297,1.33207
1000,23500,460,198155,1394,1.49731
1000,23500,510,238475,1489,1.70957
1000,23500,560,281985,1570,1.88875
1000,23500,610,328647,1668,2.06616
1000,23500,660,378479,1766,2.28452
1000,23500,710,432217,1863,2.48471
1000,23500,760,489681,1961,2.67749
1000,23750,10,14209,12983,0.107656
1000,23750,60,5666,619,0.162744
1000,23750,110,16950,717,0.31619
1000,23750,160,32496,815,0.480627
1000,23750,210,51212,913,0.657327
1000,23750,260,73716,1010,0.816998
1000,23750,310,100064,1106,0.992643
1000,23750,360,129582,1204,1.1823
1000,23750,410,162286,1302,1.33746
1000,23750,460,198160,1399,1.51767
1000,23750,510,238480,1497,1.69686
1000,23750,560,281990,1558,1.93666
1000,23750,610,328652,1656,2.09345
1000,23750,660,378484,1754,2.29106
1000,23750,710,432222,1851,2.47287
1000,23750,760,489686,1949,2.74956
1000,24000,10,14329,13095,0.112128
1000,24000,60,5671,624,0.161793
1000,24000,110,16955,722,0.323431
1000,24000,160,32501,820,0.482683
1000,24000,210,51217,918,0.676347
1000,24000,260,73721,1015,0.82715
1000,24000,310,100069,1112,0.987386
1000,24000,360,129587,1210,1.18104
1000,24000,410,162291,1307,1.38533
1000,24000,460,198165,1404,1.53794
1000,24000,510,238485,1502,1.72552
1000,24000,560,281995,1581,1.91159
1000,24000,610,328657,1679,2.14888
1000,24000,660,378489,1777,2.35869
1000,24000,710,432227,1874,2.49772
1000,24000,760,489691,1972,2.78874
1000,24250,10,14449,13206,0.119274
1000,24250,60,5676,629,0.165773
1000,24250,110,16960,727,0.326961
1000,24250,160,32506,825,0.489911
1000,24250,210,51222,923,0.668245
1000,24250,260,73726,1019,0.860568
1000,24250,310,100074,1116,1.02063
1000,24250,360,129592,1214,1.19731
1000,24250,410,162296,1312,1.39473
1000,24250,460,198170,1409,1.60789
1000,24250,510,238490,1507,1.77973
1000,24250,560,282000,1567,1.96817
1000,24250,610,328662,1662,2.17486
1000,24250,660,378494,1760,2.40133
1000,24250,710,432232,1857,2.57902
1000,24250,760,489696,1955,2.79603
1000,24500,10,14569,13291,0.119249
1000,24500,60,5681,634,0.172491
1000,24500,110,16965,732,0.340173
1000,24500,160,32511,830,0.503053
1000,24500,210,51227,928,0.680126
1000,24500,260,73731,1024,0.857415
1000,24500,310,100079,1122,1.06298
1000,24500,360,129597,1220,1.21994
1000,24500,410,162301,1317,1.4082
1000,24500,460,198175,1414,1.60624
1000,24500,510,238495,1512,1.81139
1000,24500,560,282005,1587,1.96133
1000,24500,610,328667,1684,2.20624
1000,24500,660,378499,1782,2.40529
1000,24500,710,432237,1879,2.63321
1000,24500,760,494583,1968,2.85555
1000,24750,10,14737,13506,0.118732
1000,24750,60,5688,641,0.167766
1000,24750,110,16972,739,0.345669
1000,24750,160,32518,837,0.51212
1000,24750,210,51234,935,0.682463
1000,24750,260,73738,1032,0.86147
1000,24750,310,100086,1129,1.04975
1000,24750,360,129604,1227,1.23321
1000,24750,410,162308,1325,1.41575
1000,24750,460,198182,1421,1.60292
1000,24750,510,238502,1519,1.82633
1000,24750,560,282012,1609,2.01029
1000,24750,610,328674,1706,2.23346
1000,24750,660,378506,1804,2.40613
1000,24750,710,432244,1901,2.66061
1000,24750,760,498398,1983,2.8686
1000,25000,10,14857,13642,0.123124
1000,25000,60,5693,646,0.177631
1000,25000,110,16977,744,0.355164
1000,25000,160,32523,842,0.512982
1000,25000,210,51239,940,0.692204
1000,25000,260,73743,1037,0.858256
1000,25000,310,100091,1134,1.05305
1000,25000,360,129609,1232,1.24142
1000,25000,410,162313,1329,1.44754
1000,25000,460,198187,1425,1.65118
1000,25000,510,238507,1523,1.84341
1000,25000,560,282017,1599,2.01948
1000,25000,610,328679,1665,2.22055
1000,25000,660,378511,1763,2.46165
1000,25000,710,432249,1860,2.68803
1000,25000,760,501123,1938,2.85595
1000,25250,10,14977,13769,0.117883
1000,25250,60,5698,651,0.17215
1000,25250,110,16982,749,0.351051
1000,25250,160,32528,847,0.535682
1000,25250,210,51244,945,0.71905
1000,25250,260,73748,1042,0.919496
1000,25250,310,100096,1138,1.1051
1000,25250,360,129614,1236,1.30122
1000,25250,410,162318,1335,1.49393
1000,25250,460,198192,1431,1.69071
1000,25250,510,238512,1528,1.89918
1000,25250,560,282022,1601,2.0229
1000,25250,610,328684,1679,2.19178
1000,25250,660,378516,1777,2.40604
1000,25250,710,432254,1874,2.64921
1000,25250,760,503848,1946,2.83713
1000,25500,10,15097,13884,0.119196
1000,25500,60,5703,656,0.176132
1000,25500,110,16987,754,0.352881
1000,25500,160,32533,852,0.517285
1000,25500,210,51249,950,0.695221
1000,25500,260,73753,1047,0.872326
1000,25500,310,100101,1143,1.06562
1000,25500,360,129619,1242,1.23952
1000,25500,410,162323,1339,1.4303
1000,25500,460,198197,1436,1.61937
1000,25500,510,238517,1534,1.8646
1000,25500,560,282027,1626,2.03638
1000,25500,610,328689,1702,2.21263
1000,25500,660,378521,1800,2.42497
1000,25500,710,432259,1897,2.67755
1000,25500,760,506573,1965,2.92067
1000,25750,10,15217,14015,0.117825
1000,25750,60,5708,661,0.172081
1000,25750,110,16992,759,0.355331
1000,25750,160,32538,857,0.513679
1000,25750,210,51254,955,0.710167
1000,25750,260,73758,1052,0.888887
1000,25750,310,100106,1149,1.10288
1000,25750,360,129624,1247,1.25942
1000,25750,410,162328,1344,1.45734
1000,25750,460,198202,1441,1.64978
1000,25750,510,238522,1539,1.87135
1000,25750,560,282032,1631,2.05114
1000,25750,610,328694,1722,2.25674
1000,25750,660,378526,1820,2.48142
1000,25750,710,432264,1917,2.65052
1000,25750,760,509298,1979,2.94611
1000,26000,10,15337,14180,0.122017
1000,26000,60,5713,666,0.187839
1000,26000,110,16997,764,0.347065
1000,26000,160,32543,862,0.526951
1000,26000,210,51259,960,0.701114
1000,26000,260,73763,1057,0.884976
1000,26000,310,100111,1154,1.09379
1000,26000,360,129629,1251,1.24191
1000,26000,410,162333,1349,1.47211
1000,26000,460,198207,1446,1.63517
1000,26000,510,238527,1543,1.85839
1000,26000,560,282037,1642,2.05558
1000,26000,610,328699,1688,2.29366
1000,26000,660,378531,1786,2.51173
1000,26000,710,432269,1883,2.69585
1000,26000,760,512023,1940,2.99576
1000,26250,10,15457,14284,0.125248
1000,26250,60,5718,671,0.179041
1000,26250,110,17002,769,0.355488
1000,26250,160,32548,867,0.543003
1000,26250,210,51264,965,0.698516
1000,26250,260,73768,1062,0.883351
1000,26250,310,100116,1159,1.08034
1000,26250,360,129634,1256,1.25834
1000,26250,410,162338,1355,1.45486
1000,26250,460,198212,1451,1.7226
1000,26250,510,238532,1548,1.86267
1000,26250,560,282042,1647,2.04172
1000,26250,610,328704,1697,2.28069
1000,26250,660,378536,1795,2.5281
1000,26250,710,432274,1892,2.70858
1000,26250,760,514748,1944,2.97746
1000,26500,10,15577,14427,0.126597
1000,26500,60,5723,676,0.180113
1000,26500,110,17007,774,0.351938
1000,26500,160,32553,872,0.561138
1000,26500,210,51269,970,0.725613
1000,26500,260,73773,1067,0.92998
1000,26500,310,100121,1164,1.10084
1000,26500,360,129639,1261,1.28403
1000,26500,410,162343,1359,1.47852
1000,26500,460,198217,1456,1.67943
1000,26500,510,238537,1553,1.88084
1000,26500,560,282047,1652,2.07914
1000,26500,610,328709,1693,2.33632
1000,26500,660,378541,1791,2.49771
1000,26500,710,432279,1888,2.7405
1000,26500,760,517473,1935,3.02558
1000,26750,10,15697,14518,0.131222
1000,26750,60,5728,681,0.179612
1000,26750,110,17012,779,0.361263
1000,26750,160,32558,877,0.533154
1000,26750,210,51274,975,0.725843
1000,26750,260,73778,1072,0.904336
1000,26750,310,100126,1169,1.09581
1000,26750,360,129644,1266,1.29506
1000,26750,410,162348,1365,1.54402
1000,26750,460,198222,1461,1.72863
1000,26750,510,238542,1559,1.92685
1000,26750,560,282052,1658,2.13665
1000,26750,610,328714,1725,2.38131
1000,26750,660,378546,1822,2.62909
1000,26750,710,432284,1919,2.78036
1000,26750,760,520198,1961,3.14428
1000,27000,10,15841,14711,0.126494
1000,27000,60,5734,687,0.179755
1000,27000,110,17018,785,0.361178
1000,27000,160,32564,883,0.566321
1000,27000,210,51280,981,0.753235
1000,27000,260,73784,1078,0.94212
1000,27000,310,100132,1175,1.13412
1000,27000,360,129650,1272,1.35287
1000,27000,410,162354,1370,1.50702
1000,27000,460,198228,1467,1.73856
1000,27000,510,238548,1565,1.94292
1000,27000,560,282058,1660,2.15205
1000,27000,610,328720,1703,2.3874
1000,27000,660,378552,1800,2.58903
1000,27000,710,432290,1897,2.83965
1000,27000,760,523468,1934,3.10046
1000,27250,10,15961,14779,0.12865
1000,27250,60,5739,692,0.197594
1000,27250,110,17023,790,0.365906
1000,27250,160,32569,888,0.542378
1000,27250,210,51285,986,0.741816
1000,27250,260,73789,1083,0.93886
1000,27250,310,100137,1180,1.14406
1000,27250,360,129655,1278,1.33946
1000,27250,410,162359,1376,1.56162
1000,27250,460,198233,1472,1.78229
1000,27250,510,238553,1570,1.98639
1000,27250,560,282063,1668,2.20552
1000,27250,610,328725,1747,2.43664
1000,27250,660,378557,1843,2.63301
1000,27250,710,432295,1940,2.85542
1000,27250,760,526193,1972,3.18467
1000,27500,10,16081,14922,0.127951
1000,27500,60,5744,697,0.184857
1000,27500,110,17028,795,0.373753
1000,27500,160,32574,893,0.560552
1000,27500,210,51290,991,0.765273
1000,27500,260,73794,1088,0.946145
1000,27500,310,100142,1185,1.15601
1000,27500,360,129660,1282,1.36234
1000,27500,410,162364,1380,1.5656
1000,27500,460,198238,1477,1.79655
1000,27500,510,238558,1575,1.98086
1000,27500,560,282068,1671,2.22616
1000,27500,610,328730,1738,2.4087
1000,27500,660,378562,1811,2.64313
1000,27500,710,432300,1908,2.89006
1000,27500,760,528918,1934,3.14932
1000,27750,10,16201,15050,0.136224
1000,27750,60,5749,702,0.190999
1000,27750,110,17033,800,0.382663
1000,27750,160,32579,898,0.560697
1000,27750,210,51295,996,0.762662
1000,27750,260,73799,1093,0.96962
1000,27750,310,100147,1190,1.17101
1000,27750,360,129665,1288,1.37045
1000,27750,410,162369,1386,1.5478
1000,27750,460,198243,1483,1.81272
1000,27750,510,238563,1580,2.0149
1000,27750,560,282073,1678,2.2161
1000,27750,610,328735,1767,2.50132
1000,27750,660,378567,1863,2.69545
1000,27750,710,432305,1960,2.89815
1000,27750,760,531643,1981,3.25639
1000,28000,10,16321,15153,0.139942
1000,28000,60,5754,707,0.195187
1000,28000,110,17038,805,0.384749
1000,28000,160,32584,903,0.57462
1000,28000,210,51300,1001,0.772798
1000,28000,260,73804,1098,0.961686
1000,28000,310,100152,1195,1.1534
1000,28000,360,129670,1292,1.4111
1000,28000,410,162374,1391,1.64325
1000,28000,460,198248,1487,1.79538
1000,28000,510,238568,1585,2.06942
1000,28000,560,282078,1682,2.24503
1000,28000,610,328740,1766,2.43903
1000,28000,660,378572,1818,2.64679
1000,28000,710,432310,1915,2.9315
