1000,250,10,2860,241,0.0034296
1000,250,60,2860,16,0.0022527
1000,250,110,2860,16,0.002247
1000,250,160,2860,16,0.0021562
1000,250,210,2860,16,0.0020319
1000,250,260,2860,16,0.0022717
1000,250,310,2860,16,0.0020608
1000,250,360,2860,16,0.0022515
1000,250,410,2860,16,0.0022429
1000,250,460,2860,16,0.0022464
1000,250,510,2860,16,0.0022724
1000,250,560,2860,16,0.0021747
1000,250,610,2860,16,0.0021051
1000,250,660,2860,16,0.0022065
1000,250,710,2860,16,0.0022981
1000,250,760,2860,16,0.0022144
1000,500,10,3784,673,0.0045571
1000,500,60,3784,50,0.0030232
1000,500,110,3784,28,0.0027876
1000,500,160,3784,28,0.0029398
1000,500,210,3784,28,0.0027618
1000,500,260,3784,28,0.0029444
1000,500,310,3784,28,0.002843
1000,500,360,3784,28,0.0028212
1000,500,410,3784,28,0.0029425
1000,500,460,3784,28,0.0028206
1000,500,510,3784,28,0.0027185
1000,500,560,3784,28,0.0029074
1000,500,610,3784,28,0.0027189
1000,500,660,3784,28,0.0028441
1000,500,710,3784,28,0.0029444
1000,500,760,3784,28,0.0027836
1000,750,10,4641,1117,0.0064364
1000,750,60,4641,68,0.0036099
1000,750,110,4641,38,0.0034753
1000,750,160,4641,38,0.0033363
1000,750,210,4641,38,0.0032823
1000,750,260,4641,38,0.0033938
1000,750,310,4641,38,0.0033743
1000,750,360,4641,38,0.0033961
1000,750,410,4641,38,0.0032582
1000,750,460,4641,38,0.0033507
1000,750,510,4641,38,0.0035503
1000,750,560,4641,38,0.0033365
1000,750,610,4641,38,0.0032209
1000,750,660,4641,38,0.0035052
1000,750,710,4641,38,0.0035653
1000,750,760,4641,38,0.0034948
1000,1000,10,5509,1581,0.0084306
1000,1000,60,5509,100,0.004241
1000,1000,110,5509,47,0.0040969
1000,1000,160,5509,47,0.0041714
1000,1000,210,5509,47,0.0040978
1000,1000,260,5509,47,0.0041222
1000,1000,310,5509,47,0.0042122
1000,1000,360,5509,47,0.0037757
1000,1000,410,5509,47,0.0038565
1000,1000,460,5509,47,0.0037721
1000,1000,510,5509,47,0.0040395
1000,1000,560,5509,47,0.0039901
1000,1000,610,5509,47,0.0040767
1000,1000,660,5509,47,0.0040674
1000,1000,710,5509,47,0.0038827
1000,1000,760,5509,47,0.0040545
1000,1250,10,6344,2010,0.0100459
1000,1250,60,6344,225,0.0052859
1000,1250,110,6344,73,0.0049414
1000,1250,160,6344,57,0.0049966
1000,1250,210,6344,57,0.0048878
1000,1250,260,6344,57,0.0049122
1000,1250,310,6344,57,0.0047523
1000,1250,360,6344,57,0.0049269
1000,1250,410,6344,57,0.0050785
1000,1250,460,6344,57,0.0050809
1000,1250,510,6344,57,0.0049133
1000,1250,560,6344,57,0.0042721
1000,1250,610,6344,57,0.0048175
1000,1250,660,6344,57,0.004779
1000,1250,710,6344,57,0.0048768
1000,1250,760,6344,57,0.0045999
1000,1500,10,7287,2528,0.0124319
1000,1500,60,7287,453,0.0067455
1000,1500,110,7287,100,0.0059274
1000,1500,160,7287,71,0.005625
1000,1500,210,7287,71,0.0060318
1000,1500,260,7287,71,0.0057592
1000,1500,310,7287,71,0.0056129
1000,1500,360,7287,71,0.005497
1000,1500,410,7287,71,0.0057167
1000,1500,460,7287,71,0.005693
1000,1500,510,7287,71,0.0058091
1000,1500,560,7287,71,0.0058164
1000,1500,610,7287,71,0.0058928
1000,1500,660,7287,71,0.0056067
1000,1500,710,7287,71,0.0058321
1000,1500,760,7287,71,0.0059722
1000,1750,10,8083,2959,0.0143675
1000,1750,60,8083,539,0.0071316
1000,1750,110,8083,104,0.0058372
1000,1750,160,8083,74,0.0063047
1000,1750,210,8083,74,0.0059213
1000,1750,260,8083,74,0.0069029
1000,1750,310,8083,74,0.0061189
1000,1750,360,8083,74,0.0057466
1000,1750,410,8083,74,0.0062436
1000,1750,460,8083,74,0.0062827
1000,1750,510,8083,74,0.0058069
1000,1750,560,8083,74,0.0064266
1000,1750,610,8083,74,0.0061657
1000,1750,660,8083,74,0.0061411
1000,1750,710,8083,74,0.0060191
1000,1750,760,8083,74,0.0064004
1000,2000,10,9061,3459,0.0173567
1000,2000,60,9061,875,0.0089411
1000,2000,110,9061,157,0.0069918
1000,2000,160,9061,107,0.0072033
1000,2000,210,9061,93,0.0069914
1000,2000,260,9061,93,0.0071909
1000,2000,310,9061,93,0.0072564
1000,2000,360,9061,93,0.0074014
1000,2000,410,9061,93,0.0072461
1000,2000,460,9061,93,0.0072168
1000,2000,510,9061,93,0.0072393
1000,2000,560,9061,93,0.0071774
1000,2000,610,9061,93,0.0071842
1000,2000,660,9061,93,0.0071223
1000,2000,710,9061,93,0.0072377
1000,2000,760,9061,93,0.0073082
1000,2250,10,9983,3881,0.0191857
1000,2250,60,9983,1108,0.0101791
1000,2250,110,9983,315,0.0088627
1000,2250,160,9983,133,0.0079001
1000,2250,210,9983,103,0.0079445
1000,2250,260,9983,103,0.008355
1000,2250,310,9983,103,0.008146
1000,2250,360,9983,103,0.0081826
1000,2250,410,9983,103,0.0079711
1000,2250,460,9983,103,0.0078795
1000,2250,510,9983,103,0.0082365
1000,2250,560,9983,103,0.0083173
1000,2250,610,9983,103,0.0077706
1000,2250,660,9983,103,0.0081982
1000,2250,710,9983,103,0.0082512
1000,2250,760,9983,103,0.0082278
1000,2500,10,10874,4277,0.0203316
1000,2500,60,10874,1367,0.0114437
1000,2500,110,10874,505,0.0094453
1000,2500,160,10874,150,0.0087961
1000,2500,210,10874,119,0.0089155
1000,2500,260,10874,119,0.0088925
1000,2500,310,10874,119,0.0091871
1000,2500,360,10874,119,0.0089644
1000,2500,410,10874,119,0.0093025
1000,2500,460,10874,119,0.0091246
1000,2500,510,10874,119,0.0085429
1000,2500,560,10874,119,0.00846
1000,2500,610,10874,119,0.0099417
1000,2500,660,10874,119,0.0086176
1000,2500,710,10874,119,0.0088882
1000,2500,760,10874,119,0.0087695
1000,2750,10,11380,4520,0.0209727
1000,2750,60,11380,1420,0.011699
1000,2750,110,11380,528,0.0102174
1000,2750,160,11380,155,0.0093788
1000,2750,210,11380,118,0.0089652
1000,2750,260,11380,118,0.008738
1000,2750,310,11380,118,0.0095451
1000,2750,360,11380,118,0.0093016
1000,2750,410,11380,118,0.009168
1000,2750,460,11380,118,0.0090926
1000,2750,510,11380,118,0.009139
1000,2750,560,11380,118,0.0085778
1000,2750,610,11380,118,0.0087784
1000,2750,660,11380,118,0.0092656
1000,2750,710,11380,118,0.0092395
1000,2750,760,11380,118,0.0094325
1000,3000,10,11937,4764,0.0236322
1000,3000,60,11937,1528,0.0133055
1000,3000,110,11937,603,0.0112643
1000,3000,160,11937,170,0.0112272
1000,3000,210,11937,136,0.0101963
1000,3000,260,11937,121,0.0099011
1000,3000,310,11937,121,0.0098192
1000,3000,360,11937,121,0.0095406
1000,3000,410,11937,121,0.0101165
1000,3000,460,11937,121,0.0098033
1000,3000,510,11937,121,0.0095933
1000,3000,560,11937,121,0.0093488
1000,3000,610,11937,121,0.0099145
1000,3000,660,11937,121,0.0098387
1000,3000,710,11937,121,0.0091689
1000,3000,760,11937,121,0.0097272
1000,3250,10,12498,5065,0.0257578
1000,3250,60,12498,1661,0.0144439
1000,3250,110,12498,713,0.0117634
1000,3250,160,12498,204,0.0101812
1000,3250,210,12498,146,0.0109095
1000,3250,260,12498,132,0.0105377
1000,3250,310,12498,132,0.0104175
1000,3250,360,12498,132,0.0107581
1000,3250,410,12498,132,0.010351
1000,3250,460,12498,132,0.0107431
1000,3250,510,12498,132,0.0096778
1000,3250,560,12498,132,0.0110357
1000,3250,610,12498,132,0.0107934
1000,3250,660,12498,132,0.0107224
1000,3250,710,12498,132,0.0111279
1000,3250,760,12498,132,0.0105346
1000,3500,10,12996,5322,0.0268163
1000,3500,60,12996,1730,0.0149779
1000,3500,110,12996,732,0.0120928
1000,3500,160,12996,217,0.0114916
1000,3500,210,12996,170,0.0105799
1000,3500,260,12996,132,0.0112617
1000,3500,310,12996,132,0.0119551
1000,3500,360,12996,132,0.0105341
1000,3500,410,12996,132,0.0106329
1000,3500,460,12996,132,0.0105873
1000,3500,510,12996,132,0.0107829
1000,3500,560,12996,132,0.0111285
1000,3500,610,12996,132,0.0107334
1000,3500,660,12996,132,0.0106597
1000,3500,710,12996,132,0.0111558
1000,3500,760,12996,132,0.0112431
1000,3750,10,13542,5590,0.028672
1000,3750,60,13542,1859,0.0153848
1000,3750,110,13542,765,0.012925
1000,3750,160,13542,279,0.0122221
1000,3750,210,13542,188,0.0116984
1000,3750,260,13542,139,0.0111696
1000,3750,310,13542,139,0.0116521
1000,3750,360,13542,139,0.0116045
1000,3750,410,13542,139,0.0113677
1000,3750,460,13542,139,0.0116009
1000,3750,510,13542,139,0.0115763
1000,3750,560,13542,139,0.0117257
1000,3750,610,13542,139,0.0111321
1000,3750,660,13542,139,0.0111726
1000,3750,710,13542,139,0.0111651
1000,3750,760,13542,139,0.01209
1000,4000,10,15250,6366,0.0306645
1000,4000,60,15250,2039,0.0179411
1000,4000,110,15250,928,0.014646
1000,4000,160,15250,400,0.0136281
1000,4000,210,15250,209,0.0125472
1000,4000,260,15250,147,0.0129035
1000,4000,310,15250,147,0.0120999
1000,4000,360,15250,147,0.0123134
1000,4000,410,15250,147,0.0122988
1000,4000,460,15250,147,0.0122227
1000,4000,510,15250,147,0.0124341
1000,4000,560,15250,147,0.0130429
1000,4000,610,15250,147,0.0118954
1000,4000,660,15250,147,0.0123077
1000,4000,710,15250,147,0.0120415
1000,4000,760,15250,147,0.0128702
1000,4250,10,16255,6741,0.0336328
1000,4250,60,16255,2243,0.0184856
1000,4250,110,16255,997,0.0147393
1000,4250,160,16255,455,0.0143321
1000,4250,210,16255,251,0.0139521
1000,4250,260,16255,178,0.0139856
1000,4250,310,16255,161,0.0134741
1000,4250,360,16255,161,0.0132586
1000,4250,410,16255,161,0.0135044
1000,4250,460,16255,161,0.0136001
1000,4250,510,16255,161,0.0134254
1000,4250,560,16255,161,0.0129115
1000,4250,610,16255,161,0.0132937
1000,4250,660,16255,161,0.013222
1000,4250,710,16255,161,0.0131721
1000,4250,760,16255,161,0.0128223
1000,4500,10,17121,6952,0.0339626
1000,4500,60,17121,2396,0.0191857
1000,4500,110,17121,1035,0.0156953
1000,4500,160,17121,492,0.0150134
1000,4500,210,17121,262,0.0144457
1000,4500,260,17121,194,0.0142268
1000,4500,310,17121,160,0.013875
1000,4500,360,17121,160,0.0140603
1000,4500,410,17121,160,0.0137115
1000,4500,460,17121,160,0.0144647
1000,4500,510,17121,160,0.0144306
1000,4500,560,17121,160,0.0138153
1000,4500,610,17121,160,0.0133371
1000,4500,660,17121,160,0.0133359
1000,4500,710,17121,160,0.0135079
1000,4500,760,17121,160,0.0137525
1000,4750,10,17814,7167,0.0347093
1000,4750,60,17814,2463,0.0210952
1000,4750,110,17814,1090,0.0169165
1000,4750,160,17814,550,0.0153579
1000,4750,210,17814,318,0.0142592
1000,4750,260,17814,215,0.0141075
1000,4750,310,17814,167,0.0133031
1000,4750,360,17814,167,0.0131541
1000,4750,410,17814,167,0.0137557
1000,4750,460,17814,167,0.0135615
1000,4750,510,17814,167,0.0152346
1000,4750,560,17814,167,0.0147661
1000,4750,610,17814,167,0.0139337
1000,4750,660,17814,167,0.0153798
1000,4750,710,17814,167,0.0147003
1000,4750,760,17814,167,0.0148575
1000,5000,10,18676,7525,0.0379612
1000,5000,60,18676,2706,0.0234729
1000,5000,110,18676,1242,0.0178315
1000,5000,160,18676,675,0.0167459
1000,5000,210,18676,385,0.0164007
1000,5000,260,18676,258,0.016262
1000,5000,310,18676,180,0.0156239
1000,5000,360,18676,180,0.0166059
1000,5000,410,18676,180,0.016497
1000,5000,460,18676,180,0.0148137
1000,5000,510,18676,180,0.0155333
1000,5000,560,18676,180,0.0165388
1000,5000,610,18676,180,0.0155678
1000,5000,660,18676,180,0.0159573
1000,5000,710,18676,180,0.0165913
1000,5000,760,18676,180,0.0153902
1000,5250,10,19492,7916,0.0411608
1000,5250,60,19492,2878,0.0242945
1000,5250,110,19492,1308,0.0206785
1000,5250,160,19492,721,0.0178445
1000,5250,210,19492,411,0.0168574
1000,5250,260,19492,282,0.0184365
1000,5250,310,19492,208,0.0170262
1000,5250,360,19492,188,0.0159663
1000,5250,410,19492,188,0.0168058
1000,5250,460,19492,188,0.01649
1000,5250,510,19492,188,0.0162613
1000,5250,560,19492,188,0.0154486
1000,5250,610,19492,188,0.0159311
1000,5250,660,19492,188,0.0166116
1000,5250,710,19492,188,0.0159458
1000,5250,760,19492,188,0.0156282
1000,5500,10,20240,8252,0.0435682
1000,5500,60,20240,3092,0.0261184
1000,5500,110,20240,1372,0.0212402
1000,5500,160,20240,733,0.0194821
1000,5500,210,20240,441,0.0212364
1000,5500,260,20240,334,0.0182042
1000,5500,310,20240,206,0.0169376
1000,5500,360,20240,185,0.0166655
1000,5500,410,20240,185,0.0168306
1000,5500,460,20240,185,0.0176336
1000,5500,510,20240,185,0.0170509
1000,5500,560,20240,185,0.0179256
1000,5500,610,20240,185,0.0158071
1000,5500,660,20240,185,0.017301
1000,5500,710,20240,185,0.0168403
1000,5500,760,20240,185,0.0171382
1000,5750,10,20976,8566,0.0422237
1000,5750,60,20976,3164,0.0260106
1000,5750,110,20976,1417,0.0204956
1000,5750,160,20976,709,0.0187599
1000,5750,210,20976,467,0.0178116
1000,5750,260,20976,350,0.0178553
1000,5750,310,20976,235,0.0189089
1000,5750,360,20976,192,0.0175259
1000,5750,410,20976,192,0.0171891
1000,5750,460,20976,192,0.016413
1000,5750,510,20976,192,0.0174461
1000,5750,560,20976,192,0.0178526
1000,5750,610,20976,192,0.0176978
1000,5750,660,20976,192,0.0177547
1000,5750,710,20976,192,0.0169412
1000,5750,760,20976,192,0.01711
1000,6000,10,21790,8866,0.0444868
1000,6000,60,21790,3400,0.0286089
1000,6000,110,21790,1582,0.0227916
1000,6000,160,21790,803,0.0200332
1000,6000,210,21790,515,0.0199538
1000,6000,260,21790,377,0.0173407
1000,6000,310,21790,260,0.017292
1000,6000,360,21790,196,0.0178566
1000,6000,410,21790,196,0.0190403
1000,6000,460,21790,196,0.020035
1000,6000,510,21790,196,0.0172771
1000,6000,560,21790,196,0.0183909
1000,6000,610,21790,196,0.0175421
1000,6000,660,21790,196,0.0189993
1000,6000,710,21790,196,0.0179596
1000,6000,760,21790,196,0.0186725
1000,6250,10,22523,9204,0.0454546
1000,6250,60,22523,3628,0.0294342
1000,6250,110,22523,1690,0.0235742
1000,6250,160,22523,896,0.0211155
1000,6250,210,22523,581,0.0203376
1000,6250,260,22523,448,0.0194817
1000,6250,310,22523,288,0.020064
1000,6250,360,22523,203,0.0181793
1000,6250,410,22523,203,0.0198489
1000,6250,460,22523,203,0.0192642
1000,6250,510,22523,203,0.0198867
1000,6250,560,22523,203,0.0190019
1000,6250,610,22523,203,0.0192805
1000,6250,660,22523,203,0.0186483
1000,6250,710,22523,203,0.0185639
1000,6250,760,22523,203,0.0191579
1000,6500,10,23384,9550,0.0494711
1000,6500,60,23384,3795,0.0298472
1000,6500,110,23384,1813,0.0251248
1000,6500,160,23384,906,0.0217941
1000,6500,210,23384,601,0.0222098
1000,6500,260,23384,482,0.0210284
1000,6500,310,23384,313,0.0192696
1000,6500,360,23384,231,0.0194845
1000,6500,410,23384,203,0.0199777
1000,6500,460,23384,203,0.0194827
1000,6500,510,23384,203,0.0203829
1000,6500,560,23384,203,0.020529
1000,6500,610,23384,203,0.0191094
1000,6500,660,23384,203,0.0198171
1000,6500,710,23384,203,0.0206607
1000,6500,760,23384,203,0.0178282
1000,6750,10,24174,9899,0.0533427
1000,6750,60,24174,4054,0.0335595
1000,6750,110,24174,1940,0.0267207
1000,6750,160,24174,989,0.0236419
1000,6750,210,24174,662,0.0218043
1000,6750,260,24174,489,0.0216748
1000,6750,310,24174,380,0.0204078
1000,6750,360,24174,249,0.0208425
1000,6750,410,24174,209,0.0214571
1000,6750,460,24174,209,0.0212002
1000,6750,510,24174,209,0.0201219
1000,6750,560,24174,209,0.0203665
1000,6750,610,24174,209,0.020655
1000,6750,660,24174,209,0.0212064
1000,6750,710,24174,209,0.0209451
1000,6750,760,24174,209,0.0208766
1000,7000,10,24968,10665,0.0532965
1000,7000,60,24968,4219,0.034549
1000,7000,110,24968,2135,0.0278795
1000,7000,160,24968,1104,0.0242923
1000,7000,210,24968,725,0.0229875
1000,7000,260,24968,550,0.02349
1000,7000,310,24968,447,0.022276
1000,7000,360,24968,299,0.0224823
1000,7000,410,24968,231,0.0219739
1000,7000,460,24968,231,0.021757
1000,7000,510,24968,231,0.0209441
1000,7000,560,24968,231,0.0215597
1000,7000,610,24968,231,0.0207433
1000,7000,660,24968,231,0.0220563
1000,7000,710,24968,231,0.0214264
1000,7000,760,24968,231,0.0220386
1000,7250,10,25883,10992,0.0562402
1000,7250,60,25883,4429,0.0361885
1000,7250,110,25883,2215,0.0278747
1000,7250,160,25883,1151,0.0237157
1000,7250,210,25883,761,0.0225371
1000,7250,260,25883,579,0.0231925
1000,7250,310,25883,455,0.0223783
1000,7250,360,25883,322,0.0227081
1000,7250,410,25883,228,0.0216398
1000,7250,460,25883,228,0.0218804
1000,7250,510,25883,228,0.022528
1000,7250,560,25883,228,0.0217302
1000,7250,610,25883,228,0.0221031
1000,7250,660,25883,228,0.0222189
1000,7250,710,25883,228,0.0220386
1000,7250,760,25883,228,0.0228095
1000,7500,10,26581,11335,0.0563206
1000,7500,60,26581,4656,0.0382671
1000,7500,110,26581,2411,0.0285627
1000,7500,160,26581,1231,0.0253872
1000,7500,210,26581,782,0.0236612
1000,7500,260,26581,583,0.024764
1000,7500,310,26581,476,0.0226068
1000,7500,360,26581,335,0.0224242
1000,7500,410,26581,227,0.0210598
1000,7500,460,26581,227,0.0230398
1000,7500,510,26581,227,0.0228455
1000,7500,560,26581,227,0.0247208
1000,7500,610,26581,227,0.0230339
1000,7500,660,26581,227,0.0229956
1000,7500,710,26581,227,0.0223064
1000,7500,760,26581,227,0.0221931
1000,7750,10,27462,11740,0.0575617
1000,7750,60,27462,4856,0.038206
1000,7750,110,27462,2488,0.0320186
1000,7750,160,27462,1306,0.0257928
1000,7750,210,27462,840,0.0256821
1000,7750,260,27462,638,0.0249964
1000,7750,310,27462,524,0.023249
1000,7750,360,27462,375,0.0249684
1000,7750,410,27462,273,0.0245841
1000,7750,460,27462,245,0.0232273
1000,7750,510,27462,245,0.0225217
1000,7750,560,27462,245,0.022695
1000,7750,610,27462,245,0.0237152
1000,7750,660,27462,245,0.0241745
1000,7750,710,27462,245,0.024469
1000,7750,760,27462,245,0.0235087
1000,8000,10,28262,11951,0.0621777
1000,8000,60,28262,5015,0.0414436
1000,8000,110,28262,2542,0.0312451
1000,8000,160,28262,1305,0.0273548
1000,8000,210,28262,846,0.0260133
1000,8000,260,28262,662,0.0260307
1000,8000,310,28262,561,0.0234935
1000,8000,360,28262,422,0.0239888
1000,8000,410,28262,299,0.0250446
1000,8000,460,28262,243,0.0249154
1000,8000,510,28262,243,0.0237954
1000,8000,560,28262,243,0.0245652
1000,8000,610,28262,243,0.0242984
1000,8000,660,28262,243,0.0244183
1000,8000,710,28262,243,0.0234217
1000,8000,760,28262,243,0.0233364
1000,8250,10,29046,12536,0.0660626
1000,8250,60,29046,5203,0.0416885
1000,8250,110,29046,2726,0.0332966
1000,8250,160,29046,1437,0.0277864
1000,8250,210,29046,904,0.0267453
1000,8250,260,29046,702,0.0269393
1000,8250,310,29046,604,0.0265062
1000,8250,360,29046,493,0.0259575
1000,8250,410,29046,330,0.0255264
1000,8250,460,29046,248,0.0264234
1000,8250,510,29046,248,0.0258076
1000,8250,560,29046,248,0.0241981
1000,8250,610,29046,248,0.0247401
1000,8250,660,29046,248,0.0246703
1000,8250,710,29046,248,0.0248026
1000,8250,760,29046,248,0.0258404
1000,8500,10,29578,12789,0.0641219
1000,8500,60,29578,5370,0.0416967
1000,8500,110,29578,2878,0.0333394
1000,8500,160,29578,1502,0.0302564
1000,8500,210,29578,956,0.0286609
1000,8500,260,29578,719,0.0279058
1000,8500,310,29578,637,0.0269169
1000,8500,360,29578,520,0.0257317
1000,8500,410,29578,371,0.0254965
1000,8500,460,29578,265,0.0256685
1000,8500,510,29578,265,0.0250949
1000,8500,560,29578,265,0.0259327
1000,8500,610,29578,265,0.0255007
1000,8500,660,29578,265,0.0261916
1000,8500,710,29578,265,0.0260398
1000,8500,760,29578,265,0.0263781
1000,8750,10,30590,13305,0.0702022
1000,8750,60,30590,5652,0.0441944
1000,8750,110,30590,3056,0.0366035
1000,8750,160,30590,1630,0.0319106
1000,8750,210,30590,1038,0.028118
1000,8750,260,30590,782,0.027498
1000,8750,310,30590,692,0.0273033
1000,8750,360,30590,566,0.0280738
1000,8750,410,30590,422,0.0281737
1000,8750,460,30590,308,0.0274958
1000,8750,510,30590,278,0.0273637
1000,8750,560,30590,278,0.0274054
1000,8750,610,30590,278,0.0277591
1000,8750,660,30590,278,0.0271218
1000,8750,710,30590,278,0.0268285
1000,8750,760,30590,278,0.027381
1000,9000,10,31275,13715,0.0719001
1000,9000,60,31275,5902,0.0454216
1000,9000,110,31275,3259,0.0360902
1000,9000,160,31275,1794,0.031864
1000,9000,210,31275,1070,0.0301382
1000,9000,260,31275,814,0.0289583
1000,9000,310,31275,690,0.029316
1000,9000,360,31275,579,0.0282978
1000,9000,410,31275,421,0.0281118
1000,9000,460,31275,299,0.027477
1000,9000,510,31275,272,0.0261669
1000,9000,560,31275,272,0.0270088
1000,9000,610,31275,272,0.0260617
1000,9000,660,31275,272,0.0267801
1000,9000,710,31275,272,0.0259914
1000,9000,760,31275,272,0.0271765
1000,9250,10,32089,14112,0.0709097
1000,9250,60,32089,6076,0.0478858
1000,9250,110,32089,3311,0.0375119
1000,9250,160,32089,1833,0.0311179
1000,9250,210,32089,1104,0.0307152
1000,9250,260,32089,838,0.0297065
1000,9250,310,32089,727,0.0296103
1000,9250,360,32089,607,0.0295652
1000,9250,410,32089,506,0.0289118
1000,9250,460,32089,340,0.0293456
1000,9250,510,32089,278,0.028653
1000,9250,560,32089,278,0.0279032
1000,9250,610,32089,278,0.0285149
1000,9250,660,32089,278,0.0280883
1000,9250,710,32089,278,0.0278088
1000,9250,760,32089,278,0.0283466
1000,9500,10,32989,14412,0.0743675
1000,9500,60,32989,6369,0.051426
1000,9500,110,32989,3618,0.0418721
1000,9500,160,32989,2009,0.0354775
1000,9500,210,32989,1242,0.0327125
1000,9500,260,32989,908,0.0314956
1000,9500,310,32989,789,0.0363433
1000,9500,360,32989,666,0.0310856
1000,9500,410,32989,589,0.0311536
1000,9500,460,32989,412,0.0306977
1000,9500,510,32989,295,0.0285633
1000,9500,560,32989,295,0.0291553
1000,9500,610,32989,295,0.0293798
1000,9500,660,32989,295,0.0298319
1000,9500,710,32989,295,0.0278708
1000,9500,760,32989,295,0.0301796
1000,9750,10,33630,14806,0.0776486
1000,9750,60,33630,6539,0.0526801
1000,9750,110,33630,3758,0.0405416
1000,9750,160,33630,2114,0.0360194
1000,9750,210,33630,1259,0.0328858
1000,9750,260,33630,928,0.0312908
1000,9750,310,33630,796,0.0325472
1000,9750,360,33630,693,0.0305821
1000,9750,410,33630,587,0.0296272
1000,9750,460,33630,427,0.0295981
1000,9750,510,33630,336,0.031197
1000,9750,560,33630,294,0.0286315
1000,9750,610,33630,294,0.0295348
1000,9750,660,33630,294,0.0306465
1000,9750,710,33630,294,0.0313345
1000,9750,760,33630,294,0.0288733
1000,10000,10,34729,15278,0.074855
1000,10000,60,34729,6707,0.051575
1000,10000,110,34729,3847,0.042028
1000,10000,160,34729,2246,0.0361509
1000,10000,210,34729,1307,0.0328243
1000,10000,260,34729,932,0.0317214
1000,10000,310,34729,825,0.0317924
1000,10000,360,34729,721,0.0306048
1000,10000,410,34729,608,0.0294329
1000,10000,460,34729,432,0.0305864
1000,10000,510,34729,336,0.0292789
1000,10000,560,34729,296,0.0298245
1000,10000,610,34729,296,0.0312152
1000,10000,660,34729,296,0.0291556
1000,10000,710,34729,296,0.030407
1000,10000,760,34729,296,0.0294071
1000,10250,10,35402,15591,0.077434
1000,10250,60,35402,6922,0.0560873
1000,10250,110,35402,4079,0.0433415
1000,10250,160,35402,2339,0.0362411
1000,10250,210,35402,1452,0.0354607
1000,10250,260,35402,1005,0.0323195
1000,10250,310,35402,842,0.032081
1000,10250,360,35402,753,0.0307559
1000,10250,410,35402,630,0.0312777
1000,10250,460,35402,469,0.0335358
1000,10250,510,35402,368,0.0322432
1000,10250,560,35402,301,0.031425
1000,10250,610,35402,301,0.0304156
1000,10250,660,35402,301,0.0310776
1000,10250,710,35402,301,0.0299251
1000,10250,760,35402,301,0.0294909
1000,10500,10,35977,15945,0.078807
1000,10500,60,35977,7200,0.0557711
1000,10500,110,35977,4220,0.0452838
1000,10500,160,35977,2467,0.0396123
1000,10500,210,35977,1491,0.0351375
1000,10500,260,35977,1019,0.03362
1000,10500,310,35977,874,0.0337131
1000,10500,360,35977,773,0.0335088
1000,10500,410,35977,674,0.0343291
1000,10500,460,35977,555,0.0315193
1000,10500,510,35977,396,0.0313503
1000,10500,560,35977,318,0.0314425
1000,10500,610,35977,318,0.0318568
1000,10500,660,35977,318,0.0334364
1000,10500,710,35977,318,0.033911
1000,10500,760,35977,318,0.0317534
1000,10750,10,36905,16484,0.0862445
1000,10750,60,36905,7415,0.0562771
1000,10750,110,36905,4429,0.0466179
1000,10750,160,36905,2596,0.0374936
1000,10750,210,36905,1569,0.0352295
1000,10750,260,36905,1070,0.035387
1000,10750,310,36905,920,0.0343916
1000,10750,360,36905,808,0.0339081
1000,10750,410,36905,691,0.0353789
1000,10750,460,36905,613,0.0339405
1000,10750,510,36905,448,0.0333649
1000,10750,560,36905,306,0.0320191
1000,10750,610,36905,306,0.0349528
1000,10750,660,36905,306,0.0331695
1000,10750,710,36905,306,0.0312768
1000,10750,760,36905,306,0.0320414
1000,11000,10,37634,16818,0.0869848
1000,11000,60,37634,7621,0.0588495
1000,11000,110,37634,4587,0.0514027
1000,11000,160,37634,2765,0.0436703
1000,11000,210,37634,1699,0.0368727
1000,11000,260,37634,1142,0.0364801
1000,11000,310,37634,942,0.034388
1000,11000,360,37634,852,0.0331537
1000,11000,410,37634,732,0.0339819
1000,11000,460,37634,658,0.0339002
1000,11000,510,37634,457,0.0328512
1000,11000,560,37634,377,0.0352877
1000,11000,610,37634,327,0.0337683
1000,11000,660,37634,327,0.0337111
1000,11000,710,37634,327,0.0330813
1000,11000,760,37634,327,0.0344159
1000,11250,10,38511,17356,0.0883132
1000,11250,60,38511,7789,0.0605663
1000,11250,110,38511,4681,0.0501505
1000,11250,160,38511,2810,0.0420744
1000,11250,210,38511,1758,0.037593
1000,11250,260,38511,1196,0.039218
1000,11250,310,38511,966,0.0365975
1000,11250,360,38511,866,0.0371419
1000,11250,410,38511,738,0.0343239
1000,11250,460,38511,663,0.0357595
1000,11250,510,38511,491,0.0345095
1000,11250,560,38511,355,0.0349936
1000,11250,610,38511,316,0.0357768
1000,11250,660,38511,316,0.034078
1000,11250,710,38511,316,0.0343756
1000,11250,760,38511,316,0.0337774
1000,11500,10,39385,17913,0.0905678
1000,11500,60,39385,8170,0.0621329
1000,11500,110,39385,4853,0.0504861
1000,11500,160,39385,2982,0.044112
1000,11500,210,39385,1843,0.0390521
1000,11500,260,39385,1231,0.0373049
1000,11500,310,39385,1005,0.0371975
1000,11500,360,39385,896,0.0372913
1000,11500,410,39385,759,0.0370295
1000,11500,460,39385,694,0.0361567
1000,11500,510,39385,527,0.0360632
1000,11500,560,39385,410,0.0353228
1000,11500,610,39385,322,0.0358217
1000,11500,660,39385,322,0.0359001
1000,11500,710,39385,322,0.0353343
1000,11500,760,39385,322,0.0358466
1000,11750,10,40055,18105,0.0944982
1000,11750,60,40055,8302,0.0633653
1000,11750,110,40055,5126,0.0502038
1000,11750,160,40055,3138,0.0427309
1000,11750,210,40055,1985,0.0419556
1000,11750,260,40055,1306,0.0396393
1000,11750,310,40055,1025,0.037411
1000,11750,360,40055,949,0.0386588
1000,11750,410,40055,812,0.0364983
1000,11750,460,40055,718,0.0368053
1000,11750,510,40055,540,0.0347996
1000,11750,560,40055,450,0.0368546
1000,11750,610,40055,328,0.0349425
1000,11750,660,40055,328,0.0363075
1000,11750,710,40055,328,0.0356929
1000,11750,760,40055,328,0.0378052
1000,12000,10,41075,18583,0.100847
1000,12000,60,41075,8562,0.0697343
1000,12000,110,41075,5304,0.0550079
1000,12000,160,41075,3318,0.0474983
1000,12000,210,41075,2058,0.0449059
1000,12000,260,41075,1398,0.0412282
1000,12000,310,41075,1087,0.0418349
1000,12000,360,41075,987,0.0408611
1000,12000,410,41075,879,0.0407752
1000,12000,460,41075,773,0.0397632
1000,12000,510,41075,686,0.0399773
1000,12000,560,41075,508,0.0392366
1000,12000,610,41075,404,0.0393246
1000,12000,660,41075,353,0.0372439
1000,12000,710,41075,353,0.0385964
1000,12000,760,41075,353,0.0385619
1000,12250,10,41599,19107,0.0980757
1000,12250,60,41599,8871,0.06643
1000,12250,110,41599,5542,0.0563128
1000,12250,160,41599,3512,0.046526
1000,12250,210,41599,2200,0.0430901
1000,12250,260,41599,1464,0.0419921
1000,12250,310,41599,1139,0.0413418
1000,12250,360,41599,1010,0.0402021
1000,12250,410,41599,910,0.0391583
1000,12250,460,41599,807,0.0387395
1000,12250,510,41599,725,0.0416427
1000,12250,560,41599,518,0.0390942
1000,12250,610,41599,407,0.0362763
1000,12250,660,41599,361,0.038623
1000,12250,710,41599,361,0.0381981
1000,12250,760,41599,361,0.0384948
1000,12500,10,42499,19493,0.0977197
1000,12500,60,42499,9093,0.0684415
1000,12500,110,42499,5814,0.0605236
1000,12500,160,42499,3651,0.0500679
1000,12500,210,42499,2294,0.0453695
1000,12500,260,42499,1467,0.0415854
1000,12500,310,42499,1147,0.0406867
1000,12500,360,42499,1035,0.0386789
1000,12500,410,42499,940,0.0392717
1000,12500,460,42499,850,0.0429641
1000,12500,510,42499,760,0.0412951
1000,12500,560,42499,570,0.039
1000,12500,610,42499,413,0.0401741
1000,12500,660,42499,370,0.037516
1000,12500,710,42499,370,0.0397281
1000,12500,760,42499,370,0.0396783
1000,12750,10,43279,19847,0.0984527
1000,12750,60,43279,9354,0.0701401
1000,12750,110,43279,5968,0.0600179
1000,12750,160,43279,3749,0.0515602
1000,12750,210,43279,2444,0.0460134
1000,12750,260,43279,1620,0.0441793
1000,12750,310,43279,1190,0.0420487
1000,12750,360,43279,1052,0.0415065
1000,12750,410,43279,957,0.0439281
1000,12750,460,43279,845,0.042346
1000,12750,510,43279,763,0.041746
1000,12750,560,43279,578,0.0387965
1000,12750,610,43279,476,0.038957
1000,12750,660,43279,367,0.039127
1000,12750,710,43279,367,0.0398391
1000,12750,760,43279,367,0.0395096
1000,13000,10,44145,20211,0.101418
1000,13000,60,44145,9457,0.0697095
1000,13000,110,44145,6104,0.0589167
1000,13000,160,44145,3854,0.0494937
1000,13000,210,44145,2491,0.046323
1000,13000,260,44145,1655,0.0434301
1000,13000,310,44145,1213,0.0435008
1000,13000,360,44145,1076,0.0429145
1000,13000,410,44145,976,0.0452306
1000,13000,460,44145,850,0.0423186
1000,13000,510,44145,780,0.0399079
1000,13000,560,44145,600,0.0411205
1000,13000,610,44145,506,0.0407318
1000,13000,660,44145,354,0.0395579
1000,13000,710,44145,354,0.0409121
1000,13000,760,44145,354,0.041436
1000,13250,10,44774,20558,0.102547
1000,13250,60,44774,9686,0.0720156
1000,13250,110,44774,6266,0.0595687
1000,13250,160,44774,4017,0.0523263
1000,13250,210,44774,2604,0.0474873
1000,13250,260,44774,1737,0.0469434
1000,13250,310,44774,1246,0.0458359
1000,13250,360,44774,1093,0.0436144
1000,13250,410,44774,999,0.0455933
1000,13250,460,44774,866,0.0407845
1000,13250,510,44774,791,0.0431917
1000,13250,560,44774,710,0.041035
1000,13250,610,44774,519,0.04073
1000,13250,660,44774,359,0.040051
1000,13250,710,44774,359,0.0411897
1000,13250,760,44774,359,0.0404614
1000,13500,10,45606,21236,0.107397
1000,13500,60,45606,10034,0.0758654
1000,13500,110,45606,6520,0.063426
1000,13500,160,45606,4245,0.0551449
1000,13500,210,45606,2739,0.0491449
1000,13500,260,45606,1853,0.0480084
1000,13500,310,45606,1384,0.0452403
1000,13500,360,45606,1177,0.0470359
1000,13500,410,45606,1057,0.0489607
1000,13500,460,45606,963,0.0458708
1000,13500,510,45606,867,0.0444667
1000,13500,560,45606,782,0.0468834
1000,13500,610,45606,587,0.0428142
1000,13500,660,45606,433,0.0428513
1000,13500,710,45606,390,0.0433534
1000,13500,760,45606,390,0.0438893
1000,13750,10,46564,21963,0.109234
1000,13750,60,46564,10220,0.0767489
1000,13750,110,46564,6657,0.0666842
1000,13750,160,46564,4339,0.0544906
1000,13750,210,46564,2858,0.0509387
1000,13750,260,46564,1883,0.048214
1000,13750,310,46564,1387,0.0468647
1000,13750,360,46564,1189,0.0454958
1000,13750,410,46564,1099,0.0479165
1000,13750,460,46564,988,0.0460372
1000,13750,510,46564,885,0.0451529
1000,13750,560,46564,792,0.0447977
1000,13750,610,46564,608,0.0443974
1000,13750,660,46564,437,0.0442185
1000,13750,710,46564,396,0.0433423
1000,13750,760,46564,396,0.0417981
1000,14000,10,47286,22393,0.111006
1000,14000,60,47286,10443,0.0796766
1000,14000,110,47286,6864,0.0658042
1000,14000,160,47286,4549,0.0590776
1000,14000,210,47286,2985,0.0511033
1000,14000,260,47286,2058,0.0480414
1000,14000,310,47286,1480,0.0486697
1000,14000,360,47286,1219,0.0465217
1000,14000,410,47286,1134,0.0464151
1000,14000,460,47286,1012,0.0481897
1000,14000,510,47286,909,0.0483614
1000,14000,560,47286,822,0.0435065
1000,14000,610,47286,655,0.0456149
1000,14000,660,47286,527,0.0451121
1000,14000,710,47286,400,0.0445058
1000,14000,760,47286,400,0.0448656
1000,14250,10,48217,22810,0.112223
1000,14250,60,48217,10653,0.0809687
1000,14250,110,48217,7039,0.0680726
1000,14250,160,48217,4628,0.0593896
1000,14250,210,48217,3055,0.0541856
1000,14250,260,48217,2092,0.0487988
1000,14250,310,48217,1511,0.046881
1000,14250,360,48217,1239,0.0480487
1000,14250,410,48217,1142,0.0500792
1000,14250,460,48217,1025,0.0461609
1000,14250,510,48217,926,0.0461485
1000,14250,560,48217,856,0.0458329
1000,14250,610,48217,694,0.0449476
1000,14250,660,48217,581,0.0429618
1000,14250,710,48217,414,0.0436653
1000,14250,760,48217,414,0.0434044
1000,14500,10,48900,23019,0.11383
1000,14500,60,48900,10944,0.0782485
1000,14500,110,48900,7266,0.0687432
1000,14500,160,48900,4809,0.0597738
1000,14500,210,48900,3244,0.0552863
1000,14500,260,48900,2171,0.0506659
1000,14500,310,48900,1568,0.0488021
1000,14500,360,48900,1265,0.0486395
1000,14500,410,48900,1164,0.0484468
1000,14500,460,48900,1064,0.0471396
1000,14500,510,48900,947,0.0459502
1000,14500,560,48900,874,0.0489808
1000,14500,610,48900,748,0.047631
1000,14500,660,48900,598,0.0491104
1000,14500,710,48900,480,0.0472536
1000,14500,760,48900,409,0.0439174
1000,14750,10,49884,23704,0.117345
1000,14750,60,49884,11189,0.0800673
1000,14750,110,49884,7476,0.068972
1000,14750,160,49884,4993,0.0594721
1000,14750,210,49884,3384,0.0563754
1000,14750,260,49884,2309,0.0516794
1000,14750,310,49884,1665,0.0506282
1000,14750,360,49884,1300,0.0485592
1000,14750,410,49884,1191,0.0493321
1000,14750,460,49884,1078,0.0493552
1000,14750,510,49884,989,0.0486858
1000,14750,560,49884,897,0.0462785
1000,14750,610,49884,807,0.0469532
1000,14750,660,49884,615,0.0467506
1000,14750,710,49884,452,0.0444444
1000,14750,760,49884,402,0.0458011
1000,15000,10,50482,24054,0.116952
1000,15000,60,50482,11377,0.084602
1000,15000,110,50482,7622,0.0744508
1000,15000,160,50482,5081,0.0619805
1000,15000,210,50482,3487,0.0566284
1000,15000,260,50482,2365,0.0519516
1000,15000,310,50482,1619,0.0476995
1000,15000,360,50482,1314,0.0486343
1000,15000,410,50482,1208,0.0493682
1000,15000,460,50482,1101,0.0500407
1000,15000,510,50482,999,0.0493392
1000,15000,560,50482,900,0.048423
1000,15000,610,50482,813,0.0500215
1000,15000,660,50482,618,0.0468882
1000,15000,710,50482,453,0.0471924
1000,15000,760,50482,400,0.0491706
1000,15250,10,51142,24556,0.122296
1000,15250,60,51142,11707,0.0891643
1000,15250,110,51142,7842,0.0715107
1000,15250,160,51142,5309,0.0641776
1000,15250,210,51142,3671,0.0574412
1000,15250,260,51142,2571,0.0540706
1000,15250,310,51142,1810,0.0526601
1000,15250,360,51142,1418,0.0504546
1000,15250,410,51142,1285,0.0517148
1000,15250,460,51142,1182,0.0498041
1000,15250,510,51142,1083,0.0495453
1000,15250,560,51142,978,0.0503158
1000,15250,610,51142,883,0.0474452
1000,15250,660,51142,702,0.0484469
1000,15250,710,51142,594,0.0500175
1000,15250,760,51142,436,0.0467139
1000,15500,10,52070,25110,0.123678
1000,15500,60,52070,11826,0.0859562
1000,15500,110,52070,8073,0.0755431
1000,15500,160,52070,5504,0.0659733
1000,15500,210,52070,3800,0.0575148
1000,15500,260,52070,2588,0.0585711
1000,15500,310,52070,1806,0.054256
1000,15500,360,52070,1449,0.0508417
1000,15500,410,52070,1297,0.0496281
1000,15500,460,52070,1205,0.0502018
1000,15500,510,52070,1086,0.0494949
1000,15500,560,52070,978,0.0500735
1000,15500,610,52070,895,0.0514851
1000,15500,660,52070,713,0.0495911
1000,15500,710,52070,613,0.0495011
1000,15500,760,52070,433,0.0479111
1000,15750,10,52901,25658,0.127057
1000,15750,60,52901,12139,0.092822
1000,15750,110,52901,8306,0.0776135
1000,15750,160,52901,5710,0.0700841
1000,15750,210,52901,3943,0.0639149
1000,15750,260,52901,2700,0.0570869
1000,15750,310,52901,1960,0.0548209
1000,15750,360,52901,1545,0.0555261
1000,15750,410,52901,1345,0.0530635
1000,15750,460,52901,1244,0.0539704
1000,15750,510,52901,1149,0.0563385
1000,15750,560,52901,1039,0.0537903
1000,15750,610,52901,972,0.0519275
1000,15750,660,52901,872,0.0523613
1000,15750,710,52901,703,0.0523022
1000,15750,760,52901,517,0.049535
1000,16000,10,53442,25785,0.131812
1000,16000,60,53442,12402,0.0862391
1000,16000,110,53442,8559,0.0790547
1000,16000,160,53442,5918,0.0692658
1000,16000,210,53442,4121,0.0623248
1000,16000,260,53442,2867,0.0584928
1000,16000,310,53442,2017,0.0565258
1000,16000,360,53442,1561,0.0567792
1000,16000,410,53442,1338,0.055225
1000,16000,460,53442,1259,0.0546001
1000,16000,510,53442,1154,0.0528486
1000,16000,560,53442,1026,0.0523619
1000,16000,610,53442,963,0.052985
1000,16000,660,53442,844,0.0521915
1000,16000,710,53442,687,0.0521484
1000,16000,760,53442,499,0.0513439
1000,16250,10,54545,26408,0.129808
1000,16250,60,54545,12583,0.0915775
1000,16250,110,54545,8745,0.0829574
1000,16250,160,54545,6111,0.0702258
1000,16250,210,54545,4278,0.0662027
1000,16250,260,54545,2981,0.0605326
1000,16250,310,54545,2118,0.0584409
1000,16250,360,54545,1609,0.0534072
1000,16250,410,54545,1398,0.0539498
1000,16250,460,54545,1282,0.0509041
1000,16250,510,54545,1177,0.0537292
1000,16250,560,54545,1064,0.0564047
1000,16250,610,54545,999,0.0528416
1000,16250,660,54545,919,0.0539347
1000,16250,710,54545,754,0.0509793
1000,16250,760,54545,618,0.054521
1000,16500,10,55071,26729,0.127278
1000,16500,60,55071,12829,0.0949555
1000,16500,110,55071,8917,0.082162
1000,16500,160,55071,6241,0.0722533
1000,16500,210,55071,4377,0.0647145
1000,16500,260,55071,3006,0.0617554
1000,16500,310,55071,2155,0.0577542
1000,16500,360,55071,1624,0.0565759
1000,16500,410,55071,1409,0.0561558
1000,16500,460,55071,1303,0.0568225
1000,16500,510,55071,1207,0.0512838
1000,16500,560,55071,1102,0.0542438
1000,16500,610,55071,1022,0.0533171
1000,16500,660,55071,934,0.0522364
1000,16500,710,55071,760,0.0556041
1000,16500,760,55071,630,0.0531194
1000,16750,10,56203,27475,0.131916
1000,16750,60,56203,13157,0.0948182
1000,16750,110,56203,9238,0.0838505
1000,16750,160,56203,6483,0.0741178
1000,16750,210,56203,4569,0.0646714
1000,16750,260,56203,3244,0.0618568
1000,16750,310,56203,2344,0.0624961
1000,16750,360,56203,1768,0.058536
1000,16750,410,56203,1457,0.0561434
1000,16750,460,56203,1356,0.0563771
1000,16750,510,56203,1261,0.0560378
1000,16750,560,56203,1162,0.0562673
1000,16750,610,56203,1055,0.0545788
1000,16750,660,56203,982,0.055417
1000,16750,710,56203,782,0.0538314
1000,16750,760,56203,681,0.0551754
1000,17000,10,56952,27776,0.135441
1000,17000,60,56952,13419,0.0975385
1000,17000,110,56952,9404,0.0862174
1000,17000,160,56952,6714,0.0731963
1000,17000,210,56952,4714,0.0680883
1000,17000,260,56952,3323,0.0611318
1000,17000,310,56952,2380,0.0597509
1000,17000,360,56952,1832,0.0624516
1000,17000,410,56952,1503,0.0570386
1000,17000,460,56952,1379,0.0581541
1000,17000,510,56952,1275,0.0565873
1000,17000,560,56952,1178,0.0551375
1000,17000,610,56952,1080,0.0565694
1000,17000,660,56952,1004,0.0560455
1000,17000,710,56952,858,0.0561607
1000,17000,760,56952,708,0.0532461
1000,17250,10,57591,28202,0.135684
1000,17250,60,57591,13589,0.101758
1000,17250,110,57591,9575,0.0869546
1000,17250,160,57591,6836,0.0761076
1000,17250,210,57591,4850,0.0679523
1000,17250,260,57591,3486,0.0662043
1000,17250,310,57591,2493,0.0601552
1000,17250,360,57591,1876,0.0599323
1000,17250,410,57591,1521,0.0591806
1000,17250,460,57591,1389,0.0600996
1000,17250,510,57591,1292,0.0585944
1000,17250,560,57591,1194,0.0586594
1000,17250,610,57591,1089,0.0573226
1000,17250,660,57591,1015,0.0549877
1000,17250,710,57591,893,0.058189
1000,17250,760,57591,730,0.0531501
1000,17500,10,58477,28729,0.141072
1000,17500,60,58477,13906,0.099188
1000,17500,110,58477,9846,0.0845933
1000,17500,160,58477,6988,0.0788313
1000,17500,210,58477,4882,0.0700575
1000,17500,260,58477,3529,0.0660025
1000,17500,310,58477,2599,0.0627743
1000,17500,360,58477,1955,0.060156
1000,17500,410,58477,1576,0.0594469
1000,17500,460,58477,1415,0.0601218
1000,17500,510,58477,1294,0.0582241
1000,17500,560,58477,1190,0.0571486
1000,17500,610,58477,1089,0.0579339
1000,17500,660,58477,1023,0.0577456
1000,17500,710,58477,939,0.0570153
1000,17500,760,58477,772,0.0574344
1000,17750,10,59296,29321,0.148199
1000,17750,60,59296,14145,0.0999011
1000,17750,110,59296,10034,0.0896723
1000,17750,160,59296,7174,0.0807766
1000,17750,210,59296,5092,0.0719648
1000,17750,260,59296,3640,0.0665788
1000,17750,310,59296,2669,0.0625298
1000,17750,360,59296,2043,0.0609871
1000,17750,410,59296,1688,0.0619405
1000,17750,460,59296,1491,0.061516
1000,17750,510,59296,1365,0.0595061
1000,17750,560,59296,1268,0.0602609
1000,17750,610,59296,1164,0.0606472
1000,17750,660,59296,1091,0.0579733
1000,17750,710,59296,1001,0.0608118
1000,17750,760,59296,835,0.0583342
1000,18000,10,59886,29572,0.139003
1000,18000,60,59886,14293,0.105022
1000,18000,110,59886,10199,0.0872557
1000,18000,160,59886,7344,0.080709
1000,18000,210,59886,5303,0.0721965
1000,18000,260,59886,3754,0.0691729
1000,18000,310,59886,2734,0.0647182
1000,18000,360,59886,2064,0.0607288
1000,18000,410,59886,1666,0.0643563
1000,18000,460,59886,1474,0.0603181
1000,18000,510,59886,1370,0.0570451
1000,18000,560,59886,1260,0.0574437
1000,18000,610,59886,1154,0.0582219
1000,18000,660,59886,1077,0.0600859
1000,18000,710,59886,1009,0.0593528
1000,18000,760,59886,823,0.0577417
1000,18250,10,60868,30086,0.146613
1000,18250,60,60868,14620,0.105567
1000,18250,110,60868,10473,0.0902002
1000,18250,160,60868,7559,0.0806136
1000,18250,210,60868,5461,0.0721871
1000,18250,260,60868,3975,0.0673021
1000,18250,310,60868,2846,0.0661491
1000,18250,360,60868,2168,0.0649399
1000,18250,410,60868,1737,0.064362
1000,18250,460,60868,1529,0.0633366
1000,18250,510,60868,1390,0.0596141
1000,18250,560,60868,1283,0.0625182
1000,18250,610,60868,1175,0.062399
1000,18250,660,60868,1104,0.0599933
1000,18250,710,60868,1031,0.0601576
1000,18250,760,60868,952,0.060739
1000,18500,10,61729,30527,0.143663
1000,18500,60,61729,14902,0.107257
1000,18500,110,61729,10664,0.0929375
1000,18500,160,61729,7668,0.080632
1000,18500,210,61729,5576,0.077103
1000,18500,260,61729,4072,0.0698398
1000,18500,310,61729,2959,0.0659987
1000,18500,360,61729,2195,0.0681467
1000,18500,410,61729,1741,0.0627766
1000,18500,460,61729,1533,0.0628457
1000,18500,510,61729,1416,0.060177
1000,18500,560,61729,1324,0.0596673
1000,18500,610,61729,1237,0.0610122
1000,18500,660,61729,1146,0.0638626
1000,18500,710,61729,1070,0.0600202
1000,18500,760,61729,923,0.062114
1000,18750,10,62290,30970,0.144863
1000,18750,60,62290,14973,0.107661
1000,18750,110,62290,10748,0.0941445
1000,18750,160,62290,7890,0.0807048
1000,18750,210,62290,5752,0.0760911
1000,18750,260,62290,4252,0.070231
1000,18750,310,62290,3109,0.0671606
1000,18750,360,62290,2320,0.0665564
1000,18750,410,62290,1801,0.0678683
1000,18750,460,62290,1570,0.0629373
1000,18750,510,62290,1453,0.0618268
1000,18750,560,62290,1358,0.0599887
1000,18750,610,62290,1251,0.0600201
1000,18750,660,62290,1161,0.0591844
1000,18750,710,62290,1094,0.0625983
1000,18750,760,62290,985,0.0589249
1000,19000,10,63283,31452,0.150084
1000,19000,60,63283,15362,0.108886
1000,19000,110,63283,11130,0.0978166
1000,19000,160,63283,8114,0.0856931
1000,19000,210,63283,5903,0.0769547
1000,19000,260,63283,4282,0.0721643
1000,19000,310,63283,3150,0.0680149
1000,19000,360,63283,2412,0.0667453
1000,19000,410,63283,1922,0.0655224
1000,19000,460,63283,1625,0.0625783
1000,19000,510,63283,1486,0.0639645
1000,19000,560,63283,1398,0.0612484
1000,19000,610,63283,1292,0.0626601
1000,19000,660,63283,1189,0.0602217
1000,19000,710,63283,1126,0.0651772
1000,19000,760,63283,1034,0.0649096
1000,19250,10,63972,32161,0.145805
1000,19250,60,63972,15592,0.112832
1000,19250,110,63972,11299,0.0997884
1000,19250,160,63972,8371,0.0864149
1000,19250,210,63972,6089,0.0796115
1000,19250,260,63972,4516,0.0765058
1000,19250,310,63972,3315,0.0691526
1000,19250,360,63972,2466,0.0675912
1000,19250,410,63972,1889,0.065937
1000,19250,460,63972,1637,0.0638377
1000,19250,510,63972,1503,0.0658387
1000,19250,560,63972,1403,0.0618911
1000,19250,610,63972,1298,0.0642867
1000,19250,660,63972,1190,0.0601803
1000,19250,710,63972,1124,0.0651768
1000,19250,760,63972,1043,0.0657084
1000,19500,10,64755,32398,0.158234
1000,19500,60,64755,15748,0.114941
1000,19500,110,64755,11494,0.09733
1000,19500,160,64755,8496,0.0884065
1000,19500,210,64755,6291,0.0810031
1000,19500,260,64755,4628,0.078115
1000,19500,310,64755,3459,0.0734117
1000,19500,360,64755,2601,0.0699411
1000,19500,410,64755,2006,0.0661089
1000,19500,460,64755,1732,0.066326
1000,19500,510,64755,1545,0.0673477
1000,19500,560,64755,1455,0.066286
1000,19500,610,64755,1358,0.0689368
1000,19500,660,64755,1259,0.0661915
1000,19500,710,64755,1183,0.0678893
1000,19500,760,64755,1108,0.0660316
1000,19750,10,65611,32967,0.157694
1000,19750,60,65611,16100,0.113775
1000,19750,110,65611,11715,0.101271
1000,19750,160,65611,8642,0.0894672
1000,19750,210,65611,6394,0.0831756
1000,19750,260,65611,4688,0.0795891
1000,19750,310,65611,3469,0.0742634
1000,19750,360,65611,2682,0.0713051
1000,19750,410,65611,2104,0.0693632
1000,19750,460,65611,1748,0.0682061
1000,19750,510,65611,1564,0.0663054
1000,19750,560,65611,1461,0.0655271
1000,19750,610,65611,1357,0.066164
1000,19750,660,65611,1258,0.0683946
1000,19750,710,65611,1206,0.0653643
1000,19750,760,65611,1130,0.0661985
1000,20000,10,66492,33485,0.163407
1000,20000,60,66492,16386,0.116779
1000,20000,110,66492,11952,0.10249
1000,20000,160,66492,8863,0.0919166
1000,20000,210,66492,6626,0.084128
1000,20000,260,66492,4935,0.0813863
1000,20000,310,66492,3708,0.0751267
1000,20000,360,66492,2849,0.072837
1000,20000,410,66492,2221,0.0732013
1000,20000,460,66492,1830,0.0704281
1000,20000,510,66492,1639,0.0729588
1000,20000,560,66492,1506,0.065855
1000,20000,610,66492,1407,0.0650236
1000,20000,660,66492,1302,0.0704675
1000,20000,710,66492,1220,0.0653837
1000,20000,760,66492,1132,0.0635063
1000,20250,10,67151,33639,0.159691
1000,20250,60,67151,16587,0.118844
1000,20250,110,67151,12179,0.104207
1000,20250,160,67151,9035,0.0944681
1000,20250,210,67151,6754,0.0892137
1000,20250,260,67151,5127,0.0803773
1000,20250,310,67151,3772,0.0735908
1000,20250,360,67151,2846,0.0734628
1000,20250,410,67151,2269,0.070929
1000,20250,460,67151,1893,0.0752631
1000,20250,510,67151,1672,0.0704163
1000,20250,560,67151,1546,0.0688531
1000,20250,610,67151,1424,0.0686299
1000,20250,660,67151,1334,0.0709446
1000,20250,710,67151,1235,0.0696559
1000,20250,760,67151,1174,0.0683605
1000,20500,10,68086,34430,0.161132
1000,20500,60,68086,16869,0.123408
1000,20500,110,68086,12403,0.106354
1000,20500,160,68086,9263,0.0952934
1000,20500,210,68086,6952,0.086836
1000,20500,260,68086,5176,0.0804554
1000,20500,310,68086,3956,0.0776897
1000,20500,360,68086,3059,0.0714037
1000,20500,410,68086,2376,0.0745722
1000,20500,460,68086,1914,0.0717702
1000,20500,510,68086,1667,0.071275
1000,20500,560,68086,1544,0.0697526
1000,20500,610,68086,1448,0.0681927
1000,20500,660,68086,1336,0.0709085
1000,20500,710,68086,1239,0.0686872
1000,20500,760,68086,1179,0.0678603
1000,20750,10,68969,34958,0.165883
1000,20750,60,68969,17133,0.123988
1000,20750,110,68969,12577,0.107276
1000,20750,160,68969,9463,0.096357
1000,20750,210,68969,7113,0.0886744
1000,20750,260,68969,5314,0.0880068
1000,20750,310,68969,3994,0.0773294
1000,20750,360,68969,3091,0.0770614
1000,20750,410,68969,2401,0.0745073
1000,20750,460,68969,1970,0.0727214
1000,20750,510,68969,1738,0.0740944
1000,20750,560,68969,1600,0.0731953
1000,20750,610,68969,1501,0.0716558
1000,20750,660,68969,1415,0.0701325
1000,20750,710,68969,1304,0.071086
1000,20750,760,68969,1237,0.0689427
1000,21000,10,69749,35334,0.172678
1000,21000,60,69749,17366,0.126203
1000,21000,110,69749,12873,0.108975
1000,21000,160,69749,9700,0.098024
1000,21000,210,69749,7262,0.0896191
1000,21000,260,69749,5481,0.0856993
1000,21000,310,69749,4124,0.0788849
1000,21000,360,69749,3119,0.0779496
1000,21000,410,69749,2416,0.0719699
1000,21000,460,69749,1983,0.0705964
1000,21000,510,69749,1750,0.0686262
1000,21000,560,69749,1623,0.0759075
1000,21000,610,69749,1520,0.0729463
1000,21000,660,69749,1436,0.0733832
1000,21000,710,69749,1326,0.0712771
1000,21000,760,69749,1257,0.07136
1000,21250,10,70479,35907,0.171844
1000,21250,60,70479,17638,0.126423
1000,21250,110,70479,13146,0.112367
1000,21250,160,70479,10040,0.103409
1000,21250,210,70479,7531,0.0946749
1000,21250,260,70479,5714,0.0871549
1000,21250,310,70479,4318,0.0828686
1000,21250,360,70479,3241,0.0780772
1000,21250,410,70479,2528,0.0793025
1000,21250,460,70479,2057,0.075533
1000,21250,510,70479,1796,0.0751725
1000,21250,560,70479,1655,0.0739574
1000,21250,610,70479,1554,0.0732996
1000,21250,660,70479,1450,0.0711983
1000,21250,710,70479,1352,0.0693451
1000,21250,760,70479,1295,0.0748654
1000,21500,10,71164,36260,0.173591
1000,21500,60,71164,17864,0.128289
1000,21500,110,71164,13280,0.110675
1000,21500,160,71164,10108,0.100749
1000,21500,210,71164,7695,0.0943669
1000,21500,260,71164,5854,0.0877438
1000,21500,310,71164,4429,0.0838156
1000,21500,360,71164,3442,0.0818843
1000,21500,410,71164,2697,0.0786463
1000,21500,460,71164,2200,0.078854
1000,21500,510,71164,1894,0.0749405
1000,21500,560,71164,1694,0.0710264
1000,21500,610,71164,1586,0.0771738
1000,21500,660,71164,1486,0.0717614
1000,21500,710,71164,1391,0.0711576
1000,21500,760,71164,1312,0.0732135
1000,21750,10,71999,36640,0.172033
1000,21750,60,71999,18021,0.130955
1000,21750,110,71999,13508,0.115905
1000,21750,160,71999,10262,0.100632
1000,21750,210,71999,7789,0.0966072
1000,21750,260,71999,5975,0.0872237
1000,21750,310,71999,4528,0.0813737
1000,21750,360,71999,3378,0.0785747
1000,21750,410,71999,2629,0.0792109
1000,21750,460,71999,2130,0.0761703
1000,21750,510,71999,1835,0.0738852
1000,21750,560,71999,1658,0.0704872
1000,21750,610,71999,1565,0.0708285
1000,21750,660,71999,1456,0.0735935
1000,21750,710,71999,1357,0.07162
1000,21750,760,71999,1284,0.0739807
1000,22000,10,72685,37249,0.17391
1000,22000,60,72685,18230,0.124653
1000,22000,110,72685,13679,0.111395
1000,22000,160,72685,10388,0.101941
1000,22000,210,72685,7877,0.0931419
1000,22000,260,72685,6010,0.0892647
1000,22000,310,72685,4666,0.0842685
1000,22000,360,72685,3545,0.0790807
1000,22000,410,72685,2792,0.0778732
1000,22000,460,72685,2228,0.0793878
1000,22000,510,72685,1907,0.0785727
1000,22000,560,72685,1697,0.0748618
1000,22000,610,72685,1594,0.075263
1000,22000,660,72685,1491,0.0732166
1000,22000,710,72685,1408,0.0744833
1000,22000,760,72685,1321,0.0743814
1000,22250,10,73776,37830,0.17835
1000,22250,60,73776,18610,0.135492
1000,22250,110,73776,14009,0.118
1000,22250,160,73776,10679,0.106518
1000,22250,210,73776,8231,0.0972649
1000,22250,260,73776,6351,0.0901967
1000,22250,310,73776,4817,0.0872
1000,22250,360,73776,3724,0.0808022
1000,22250,410,73776,2883,0.0781147
1000,22250,460,73776,2335,0.079707
1000,22250,510,73776,2006,0.0743929
1000,22250,560,73776,1796,0.0762266
1000,22250,610,73776,1668,0.0777437
1000,22250,660,73776,1568,0.0765237
1000,22250,710,73776,1481,0.0721445
1000,22250,760,73776,1393,0.0745528
1000,22500,10,74436,38276,0.185397
1000,22500,60,74436,18806,0.135432
1000,22500,110,74436,14175,0.114481
1000,22500,160,74436,10813,0.108535
1000,22500,210,74436,8283,0.0990167
1000,22500,260,74436,6427,0.0917887
1000,22500,310,74436,4890,0.0850461
1000,22500,360,74436,3796,0.0824034
1000,22500,410,74436,2935,0.0799662
1000,22500,460,74436,2401,0.0855007
1000,22500,510,74436,2057,0.0772211
1000,22500,560,74436,1813,0.0785962
1000,22500,610,74436,1682,0.0776117
1000,22500,660,74436,1581,0.0764729
1000,22500,710,74436,1484,0.0744847
1000,22500,760,74436,1393,0.0776371
1000,22750,10,75203,38670,0.179967
1000,22750,60,75203,19221,0.135367
1000,22750,110,75203,14439,0.121303
1000,22750,160,75203,11020,0.110356
1000,22750,210,75203,8470,0.0994904
1000,22750,260,75203,6526,0.0919186
1000,22750,310,75203,5005,0.0848782
1000,22750,360,75203,3886,0.0815736
1000,22750,410,75203,3040,0.0844109
1000,22750,460,75203,2426,0.0798947
1000,22750,510,75203,2050,0.0749775
1000,22750,560,75203,1818,0.0772633
1000,22750,610,75203,1693,0.0762488
1000,22750,660,75203,1591,0.0777454
1000,22750,710,75203,1505,0.07539
1000,22750,760,75203,1401,0.0797423
1000,23000,10,76059,39195,0.181766
1000,23000,60,76059,19459,0.137649
1000,23000,110,76059,14669,0.119662
1000,23000,160,76059,11270,0.106632
1000,23000,210,76059,8710,0.0991902
1000,23000,260,76059,6692,0.0939073
1000,23000,310,76059,5139,0.0853286
1000,23000,360,76059,4013,0.0851411
1000,23000,410,76059,3118,0.0859887
1000,23000,460,76059,2469,0.0828714
1000,23000,510,76059,2066,0.0799532
1000,23000,560,76059,1839,0.0773399
1000,23000,610,76059,1720,0.0806511
1000,23000,660,76059,1625,0.0772309
1000,23000,710,76059,1532,0.0775278
1000,23000,760,76059,1427,0.0777523
1000,23250,10,76897,39796,0.185203
1000,23250,60,76897,19588,0.138117
1000,23250,110,76897,14818,0.121768
1000,23250,160,76897,11502,0.106081
1000,23250,210,76897,8939,0.105246
1000,23250,260,76897,6905,0.0980106
1000,23250,310,76897,5360,0.0885682
1000,23250,360,76897,4134,0.0871352
1000,23250,410,76897,3211,0.0861088
1000,23250,460,76897,2613,0.0803655
1000,23250,510,76897,2226,0.0801083
1000,23250,560,76897,1955,0.0799339
1000,23250,610,76897,1792,0.0785064
1000,23250,660,76897,1680,0.0796211
1000,23250,710,76897,1586,0.0814561
1000,23250,760,76897,1489,0.0767363
1000,23500,10,77305,39939,0.194378
1000,23500,60,77305,19790,0.138283
1000,23500,110,77305,15069,0.121462
1000,23500,160,77305,11598,0.10919
1000,23500,210,77305,9029,0.108804
1000,23500,260,77305,7045,0.0946609
1000,23500,310,77305,5497,0.0907251
1000,23500,360,77305,4262,0.0889359
1000,23500,410,77305,3294,0.0843562
1000,23500,460,77305,2591,0.0809363
1000,23500,510,77305,2142,0.0806952
1000,23500,560,77305,1864,0.077891
1000,23500,610,77305,1733,0.0794328
1000,23500,660,77305,1654,0.0800844
1000,23500,710,77305,1552,0.0779661
1000,23500,760,77305,1441,0.0780079
1000,23750,10,78485,40598,0.187227
1000,23750,60,78485,20037,0.140281
1000,23750,110,78485,15314,0.132039
1000,23750,160,78485,11893,0.112316
1000,23750,210,78485,9205,0.106721
1000,23750,260,78485,7238,0.0965146
1000,23750,310,78485,5658,0.0911066
1000,23750,360,78485,4398,0.0923183
1000,23750,410,78485,3397,0.083944
1000,23750,460,78485,2725,0.0823151
1000,23750,510,78485,2301,0.0816716
1000,23750,560,78485,1993,0.0840875
1000,23750,610,78485,1820,0.0803007
1000,23750,660,78485,1701,0.0836772
1000,23750,710,78485,1598,0.0812457
1000,23750,760,78485,1525,0.0813953
1000,24000,10,79158,41032,0.191025
1000,24000,60,79158,20422,0.14604
1000,24000,110,79158,15557,0.127171
1000,24000,160,79158,12110,0.113221
1000,24000,210,79158,9415,0.108597
1000,24000,260,79158,7372,0.0998413
1000,24000,310,79158,5718,0.0925646
1000,24000,360,79158,4552,0.0919635
1000,24000,410,79158,3665,0.0909105
1000,24000,460,79158,2857,0.0873996
1000,24000,510,79158,2425,0.0856761
1000,24000,560,79158,2074,0.083284
1000,24000,610,79158,1866,0.0850993
1000,24000,660,79158,1765,0.0863655
1000,24000,710,79158,1671,0.0819906
1000,24000,760,79158,1567,0.0839907
1000,24250,10,79825,41538,0.197647
1000,24250,60,79825,20699,0.148824
1000,24250,110,79825,15752,0.128926
1000,24250,160,79825,12279,0.116857
1000,24250,210,79825,9471,0.108101
1000,24250,260,79825,7439,0.102289
1000,24250,310,79825,5896,0.0997609
1000,24250,360,79825,4611,0.0931736
1000,24250,410,79825,3640,0.0928604
1000,24250,460,79825,2892,0.0892352
1000,24250,510,79825,2349,0.0872322
1000,24250,560,79825,2027,0.0836058
1000,24250,610,79825,1846,0.0884021
1000,24250,660,79825,1733,0.0867844
1000,24250,710,79825,1647,0.0845414
1000,24250,760,79825,1563,0.0822855
1000,24500,10,80547,41869,0.198364
1000,24500,60,80547,20780,0.145316
1000,24500,110,80547,15970,0.131463
1000,24500,160,80547,12391,0.116987
1000,24500,210,80547,9720,0.105754
1000,24500,260,80547,7639,0.107802
1000,24500,310,80547,5976,0.0994525
1000,24500,360,80547,4655,0.091445
1000,24500,410,80547,3699,0.0906327
1000,24500,460,80547,2925,0.0895146
1000,24500,510,80547,2434,0.089
1000,24500,560,80547,2099,0.0848342
1000,24500,610,80547,1889,0.0869924
1000,24500,660,80547,1779,0.0859224
1000,24500,710,80547,1680,0.0866239
1000,24500,760,80547,1611,0.0862228
1000,24750,10,81471,42499,0.201353
1000,24750,60,81471,21156,0.149972
1000,24750,110,81471,16298,0.134875
1000,24750,160,81471,12793,0.122816
1000,24750,210,81471,10043,0.112308
1000,24750,260,81471,7847,0.105626
1000,24750,310,81471,6155,0.096455
1000,24750,360,81471,4846,0.0969181
1000,24750,410,81471,3805,0.0944006
1000,24750,460,81471,3070,0.0887554
1000,24750,510,81471,2540,0.0954382
1000,24750,560,81471,2178,0.0897507
1000,24750,610,81471,1932,0.0874965
1000,24750,660,81471,1803,0.0856676
1000,24750,710,81471,1712,0.0853504
1000,24750,760,81471,1621,0.0870888
1000,25000,10,82216,42730,0.199244
1000,25000,60,82216,21387,0.154735
1000,25000,110,82216,16564,0.13124
1000,25000,160,82216,12868,0.120427
1000,25000,210,82216,10284,0.114671
1000,25000,260,82216,8146,0.107539
1000,25000,310,82216,6465,0.10439
1000,25000,360,82216,5112,0.0970014
1000,25000,410,82216,4089,0.0963042
1000,25000,460,82216,3309,0.0960819
1000,25000,510,82216,2696,0.0909121
1000,25000,560,82216,2249,0.0909387
1000,25000,610,82216,1983,0.0875218
1000,25000,660,82216,1831,0.0851341
1000,25000,710,82216,1748,0.0879646
1000,25000,760,82216,1675,0.0903296
1000,25250,10,82929,43195,0.204347
1000,25250,60,82929,21681,0.152027
1000,25250,110,82929,16680,0.137555
1000,25250,160,82929,13088,0.128007
1000,25250,210,82929,10392,0.120901
1000,25250,260,82929,8207,0.11037
1000,25250,310,82929,6470,0.106945
1000,25250,360,82929,5169,0.102234
1000,25250,410,82929,4134,0.0977266
1000,25250,460,82929,3330,0.0968188
1000,25250,510,82929,2696,0.0926536
1000,25250,560,82929,2253,0.0864396
1000,25250,610,82929,1970,0.0894892
1000,25250,660,82929,1838,0.0863232
1000,25250,710,82929,1757,0.0867134
1000,25250,760,82929,1667,0.0856286
1000,25500,10,83827,43720,0.199427
1000,25500,60,83827,21921,0.154176
1000,25500,110,83827,16968,0.136811
1000,25500,160,83827,13385,0.123793
1000,25500,210,83827,10493,0.109748
1000,25500,260,83827,8366,0.108614
1000,25500,310,83827,6613,0.104639
1000,25500,360,83827,5255,0.0993199
1000,25500,410,83827,4109,0.0926135
1000,25500,460,83827,3272,0.0931179
1000,25500,510,83827,2681,0.0925916
1000,25500,560,83827,2255,0.0878306
1000,25500,610,83827,2020,0.0894264
1000,25500,660,83827,1885,0.0880583
1000,25500,710,83827,1802,0.089085
1000,25500,760,83827,1716,0.0877435
1000,25750,10,84838,44427,0.207835
1000,25750,60,84838,22047,0.15607
1000,25750,110,84838,16989,0.1411
1000,25750,160,84838,13450,0.12168
1000,25750,210,84838,10694,0.116691
1000,25750,260,84838,8528,0.108732
1000,25750,310,84838,6713,0.105158
1000,25750,360,84838,5323,0.0977002
1000,25750,410,84838,4238,0.0946018
1000,25750,460,84838,3414,0.0932821
1000,25750,510,84838,2822,0.0950555
1000,25750,560,84838,2367,0.0921464
1000,25750,610,84838,2098,0.0905162
1000,25750,660,84838,1916,0.0934976
1000,25750,710,84838,1810,0.0872893
1000,25750,760,84838,1738,0.0912078
1000,26000,10,85634,45048,0.207543
1000,26000,60,85634,22364,0.157099
1000,26000,110,85634,17355,0.139722
1000,26000,160,85634,13750,0.128146
1000,26000,210,85634,10904,0.118024
1000,26000,260,85634,8658,0.110311
1000,26000,310,85634,6989,0.110566
1000,26000,360,85634,5575,0.10278
1000,26000,410,85634,4407,0.09775
1000,26000,460,85634,3503,0.099193
1000,26000,510,85634,2880,0.0940375
1000,26000,560,85634,2410,0.0930398
1000,26000,610,85634,2118,0.0881286
1000,26000,660,85634,1962,0.0915965
1000,26000,710,85634,1852,0.0863268
1000,26000,760,85634,1772,0.0920005
1000,26250,10,86184,45415,0.206597
1000,26250,60,86184,22643,0.161468
1000,26250,110,86184,17661,0.138554
1000,26250,160,86184,13968,0.130178
1000,26250,210,86184,11138,0.117935
1000,26250,260,86184,8894,0.109617
1000,26250,310,86184,7058,0.109664
1000,26250,360,86184,5591,0.107304
1000,26250,410,86184,4434,0.101072
1000,26250,460,86184,3597,0.0975394
1000,26250,510,86184,2927,0.094699
1000,26250,560,86184,2496,0.0915522
1000,26250,610,86184,2170,0.0911498
1000,26250,660,86184,1965,0.0922393
1000,26250,710,86184,1858,0.0928741
1000,26250,760,86184,1802,0.0906785
1000,26500,10,87323,46214,0.219296
1000,26500,60,87323,22993,0.159997
1000,26500,110,87323,18012,0.145394
1000,26500,160,87323,14283,0.132127
1000,26500,210,87323,11420,0.119878
1000,26500,260,87323,9227,0.118056
1000,26500,310,87323,7455,0.112161
1000,26500,360,87323,5894,0.105656
1000,26500,410,87323,4747,0.102144
1000,26500,460,87323,3788,0.0994103
1000,26500,510,87323,3100,0.0965491
1000,26500,560,87323,2670,0.0973675
1000,26500,610,87323,2328,0.0961139
1000,26500,660,87323,2091,0.0923546
1000,26500,710,87323,1961,0.092992
1000,26500,760,87323,1899,0.100329
1000,26750,10,87929,46262,0.212931
1000,26750,60,87929,23264,0.163992
1000,26750,110,87929,18167,0.144366
1000,26750,160,87929,14449,0.130208
1000,26750,210,87929,11643,0.130033
1000,26750,260,87929,9299,0.118849
1000,26750,310,87929,7427,0.10986
1000,26750,360,87929,5925,0.104828
1000,26750,410,87929,4761,0.104144
1000,26750,460,87929,3858,0.0998985
1000,26750,510,87929,3186,0.0986371
1000,26750,560,87929,2690,0.104592
1000,26750,610,87929,2342,0.0961179
1000,26750,660,87929,2093,0.097177
1000,26750,710,87929,1953,0.0968389
1000,26750,760,87929,1893,0.0972155
1000,27000,10,88791,46820,0.213968
1000,27000,60,88791,23445,0.162868
1000,27000,110,88791,18287,0.147539
1000,27000,160,88791,14574,0.137896
1000,27000,210,88791,11699,0.126636
1000,27000,260,88791,9313,0.117318
1000,27000,310,88791,7553,0.111873
1000,27000,360,88791,6021,0.110043
1000,27000,410,88791,4852,0.0995643
1000,27000,460,88791,3915,0.100595
1000,27000,510,88791,3180,0.0993038
1000,27000,560,88791,2665,0.0954572
1000,27000,610,88791,2294,0.0961836
1000,27000,660,88791,2076,0.0989424
1000,27000,710,88791,1941,0.0936172
1000,27000,760,88791,1879,0.0947402
1000,27250,10,89655,47429,0.219267
1000,27250,60,89655,23790,0.174095
1000,27250,110,89655,18697,0.149424
1000,27250,160,89655,14909,0.136111
1000,27250,210,89655,11922,0.125677
1000,27250,260,89655,9639,0.117831
1000,27250,310,89655,7778,0.113223
1000,27250,360,89655,6216,0.112994
1000,27250,410,89655,5000,0.106171
1000,27250,460,89655,4060,0.106278
1000,27250,510,89655,3344,0.102289
1000,27250,560,89655,2834,0.100224
1000,27250,610,89655,2427,0.0995659
1000,27250,660,89655,2137,0.100719
1000,27250,710,89655,1997,0.0997434
1000,27250,760,89655,1920,0.0981337
1000,27500,10,90243,47992,0.223811
1000,27500,60,90243,23917,0.166331
1000,27500,110,90243,18733,0.151026
1000,27500,160,90243,15026,0.142335
1000,27500,210,90243,12055,0.12823
1000,27500,260,90243,9768,0.120469
1000,27500,310,90243,7844,0.117779
1000,27500,360,90243,6357,0.112643
1000,27500,410,90243,5072,0.108897
1000,27500,460,90243,4093,0.105815
1000,27500,510,90243,3354,0.103895
1000,27500,560,90243,2798,0.0965848
1000,27500,610,90243,2370,0.100412
1000,27500,660,90243,2139,0.099982
1000,27500,710,90243,1987,0.0995423
1000,27500,760,90243,1918,0.0966845
1000,27750,10,90924,48499,0.226041
1000,27750,60,90924,24172,0.172269
1000,27750,110,90924,19053,0.154414
1000,27750,160,90924,15297,0.139409
1000,27750,210,90924,12300,0.130143
1000,27750,260,90924,9958,0.121876
1000,27750,310,90924,7999,0.115935
1000,27750,360,90924,6415,0.112238
1000,27750,410,90924,5173,0.108509
1000,27750,460,90924,4171,0.106889
1000,27750,510,90924,3412,0.0996952
1000,27750,560,90924,2858,0.104311
1000,27750,610,90924,2390,0.10186
1000,27750,660,90924,2109,0.100028
1000,27750,710,90924,1988,0.0965276
1000,27750,760,90924,1921,0.100935
1000,28000,10,91941,49114,0.227179
1000,28000,60,91941,24519,0.177269
1000,28000,110,91941,19284,0.156582
1000,28000,160,91941,15435,0.143962
1000,28000,210,91941,12466,0.133356
1000,28000,260,91941,10045,0.127873
1000,28000,310,91941,8146,0.114666
1000,28000,360,91941,6642,0.119629
1000,28000,410,91941,5314,0.114902
1000,28000,460,91941,4270,0.108061
1000,28000,510,91941,3503,0.110197
1000,28000,560,91941,2932,0.105862
1000,28000,610,91941,2502,0.10335
1000,28000,660,91941,2226,0.108423
1000,28000,710,91941,2063,0.106398
