1000,250,10,7271,446,0.014745
1000,250,60,7271,6,0.0082272
1000,250,110,7271,6,0.0075219
1000,250,160,7271,6,0.0078058
1000,250,210,7271,6,0.0075545
1000,250,260,7271,6,0.0084547
1000,250,310,7271,6,0.0092657
1000,250,360,7271,6,0.0075382
1000,250,410,7271,6,0.0080415
1000,250,460,7271,6,0.008377
1000,250,510,7271,6,0.0079059
1000,250,560,7271,6,0.0080354
1000,250,610,7271,6,0.0077179
1000,250,660,7271,6,0.0075873
1000,250,710,7271,6,0.0074254
1000,250,760,7271,6,0.0083552
1000,500,10,12531,11421,0.0364925
1000,500,60,12531,11,0.0155247
1000,500,110,12531,11,0.0152402
1000,500,160,12531,11,0.0153511
1000,500,210,12531,11,0.0151809
1000,500,260,12531,11,0.0154017
1000,500,310,12531,11,0.0154582
1000,500,360,12531,11,0.0164177
1000,500,410,12531,11,0.0188652
1000,500,460,12531,11,0.0153911
1000,500,510,12531,11,0.0151932
1000,500,560,12531,11,0.015584
1000,500,610,12531,11,0.0154196
1000,500,660,12531,11,0.0152843
1000,500,710,12531,11,0.0154651
1000,500,760,12531,11,0.01512
1000,750,10,17743,16621,0.051825
1000,750,60,17743,30,0.0236637
1000,750,110,17743,15,0.0232304
1000,750,160,17743,15,0.0222506
1000,750,210,17743,15,0.0221973
1000,750,260,17743,15,0.0225227
1000,750,310,17743,15,0.0237899
1000,750,360,17743,15,0.0219225
1000,750,410,17743,15,0.0226701
1000,750,460,17743,15,0.022587
1000,750,510,17743,15,0.0233966
1000,750,560,17743,15,0.0233705
1000,750,610,17743,15,0.022534
1000,750,660,17743,15,0.0227735
1000,750,710,17743,15,0.023414
1000,750,760,17743,15,0.0235359
1000,1000,10,22969,21820,0.0723991
1000,1000,60,22969,44,0.0326214
1000,1000,110,22969,19,0.0315901
1000,1000,160,22969,19,0.0319712
1000,1000,210,22969,19,0.032571
1000,1000,260,22969,19,0.0322043
1000,1000,310,22969,19,0.0325008
1000,1000,360,22969,19,0.0316421
1000,1000,410,22969,19,0.031925
1000,1000,460,22969,19,0.0302506
1000,1000,510,22969,19,0.0304729
1000,1000,560,22969,19,0.0312528
1000,1000,610,22969,19,0.0304438
1000,1000,660,22969,19,0.0307127
1000,1000,710,22969,19,0.0302775
1000,1000,760,22969,19,0.0310176
1000,1250,10,28175,26998,0.0843219
1000,1250,60,28175,51,0.0402154
1000,1250,110,28175,23,0.0385005
1000,1250,160,28175,23,0.040319
1000,1250,210,28175,23,0.0383351
1000,1250,260,28175,23,0.0382989
1000,1250,310,28175,23,0.0391078
1000,1250,360,28175,23,0.0379309
1000,1250,410,28175,23,0.0395106
1000,1250,460,28175,23,0.0401755
1000,1250,510,28175,23,0.0398629
1000,1250,560,28175,23,0.0379146
1000,1250,610,28175,23,0.0389265
1000,1250,660,28175,23,0.0392932
1000,1250,710,28175,23,0.0386542
1000,1250,760,28175,23,0.0374806
1000,1500,10,33423,32204,0.103095
1000,1500,60,33423,57,0.0470194
1000,1500,110,33423,28,0.0466623
1000,1500,160,33423,28,0.0443703
1000,1500,210,33423,28,0.0463227
1000,1500,260,33423,28,0.0474308
1000,1500,310,33423,28,0.047454
1000,1500,360,33423,28,0.0463748
1000,1500,410,33423,28,0.0463372
1000,1500,460,33423,28,0.0466722
1000,1500,510,33423,28,0.0444083
1000,1500,560,33423,28,0.0463184
1000,1500,610,33423,28,0.0462121
1000,1500,660,33423,28,0.0470462
1000,1500,710,33423,28,0.0487341
1000,1500,760,33423,28,0.0466068
1000,1750,10,38645,37404,0.119143
1000,1750,60,38645,61,0.0550313
1000,1750,110,38645,32,0.0551736
1000,1750,160,38645,32,0.0536897
1000,1750,210,38645,32,0.0570069
1000,1750,260,38645,32,0.0522465
1000,1750,310,38645,32,0.0534352
1000,1750,360,38645,32,0.0550074
1000,1750,410,38645,32,0.0546323
1000,1750,460,38645,32,0.0557491
1000,1750,510,38645,32,0.0554266
1000,1750,560,38645,32,0.0559796
1000,1750,610,38645,32,0.0556284
1000,1750,660,38645,32,0.0550807
1000,1750,710,38645,32,0.0551869
1000,1750,760,38645,32,0.0576201
1000,2000,10,43915,42628,0.142121
1000,2000,60,43915,67,0.0635116
1000,2000,110,43915,38,0.0645974
1000,2000,160,43915,38,0.0605203
1000,2000,210,43915,38,0.0646018
1000,2000,260,43915,38,0.0713373
1000,2000,310,43915,38,0.0638711
1000,2000,360,43915,38,0.0640155
1000,2000,410,43915,38,0.064586
1000,2000,460,43915,38,0.063382
1000,2000,510,43915,38,0.0632499
1000,2000,560,43915,38,0.0620692
1000,2000,610,43915,38,0.0631045
1000,2000,660,43915,38,0.063917
1000,2000,710,43915,38,0.0635805
1000,2000,760,43915,38,0.0638447
1000,2250,10,49159,47847,0.154657
1000,2250,60,49159,71,0.0753139
1000,2250,110,49159,49,0.0719854
1000,2250,160,49159,42,0.0718242
1000,2250,210,49159,42,0.0695666
1000,2250,260,49159,42,0.0721271
1000,2250,310,49159,42,0.0674677
1000,2250,360,49159,42,0.0687946
1000,2250,410,49159,42,0.0698838
1000,2250,460,49159,42,0.0709569
1000,2250,510,49159,42,0.0697571
1000,2250,560,49159,42,0.0703776
1000,2250,610,49159,42,0.0714853
1000,2250,660,49159,42,0.067273
1000,2250,710,49159,42,0.06977
1000,2250,760,49159,42,0.0692297
1000,2500,10,55401,54063,0.170894
1000,2500,60,55401,159,0.0793806
1000,2500,110,55401,73,0.0801644
1000,2500,160,55401,47,0.0778699
1000,2500,210,55401,47,0.0777534
1000,2500,260,55401,47,0.0806332
1000,2500,310,55401,47,0.0821503
1000,2500,360,55401,47,0.081662
1000,2500,410,55401,47,0.078194
1000,2500,460,55401,47,0.0804212
1000,2500,510,55401,47,0.0778207
1000,2500,560,55401,47,0.0794929
1000,2500,610,55401,47,0.0772402
1000,2500,660,55401,47,0.0821535
1000,2500,710,55401,47,0.0786142
1000,2500,760,55401,47,0.0783418
1000,2750,10,60401,59065,0.183013
1000,2750,60,60401,49885,0.170326
1000,2750,110,60401,74,0.0826022
1000,2750,160,60401,47,0.0856024
1000,2750,210,60401,47,0.0873474
1000,2750,260,60401,47,0.0856807
1000,2750,310,60401,47,0.0970726
1000,2750,360,60401,47,0.0891285
1000,2750,410,60401,47,0.0828018
1000,2750,460,60401,47,0.0845063
1000,2750,510,60401,47,0.0870431
1000,2750,560,60401,47,0.0855384
1000,2750,610,60401,47,0.0830791
1000,2750,660,60401,47,0.0854999
1000,2750,710,60401,47,0.085184
1000,2750,760,60401,47,0.0843043
1000,3000,10,65401,64061,0.204568
1000,3000,60,65401,59572,0.197098
1000,3000,110,65401,75,0.0941313
1000,3000,160,65401,47,0.0921573
1000,3000,210,65401,47,0.100009
1000,3000,260,65401,47,0.0994289
1000,3000,310,65401,47,0.0990134
1000,3000,360,65401,47,0.0950506
1000,3000,410,65401,47,0.0951599
1000,3000,460,65401,47,0.0924943
1000,3000,510,65401,47,0.0945275
1000,3000,560,65401,47,0.0947026
1000,3000,610,65401,47,0.0938133
1000,3000,660,65401,47,0.0963973
1000,3000,710,65401,47,0.0927049
1000,3000,760,65401,47,0.0941201
1000,3250,10,70401,69061,0.220582
1000,3250,60,70401,65631,0.216554
1000,3250,110,70401,75,0.104751
1000,3250,160,70401,47,0.10281
1000,3250,210,70401,47,0.0996775
1000,3250,260,70401,47,0.0984086
1000,3250,310,70401,47,0.104206
1000,3250,360,70401,47,0.100834
1000,3250,410,70401,47,0.100782
1000,3250,460,70401,47,0.100148
1000,3250,510,70401,47,0.103057
1000,3250,560,70401,47,0.108435
1000,3250,610,70401,47,0.107616
1000,3250,660,70401,47,0.104125
1000,3250,710,70401,47,0.0979516
1000,3250,760,70401,47,0.104349
1000,3500,10,75401,74064,0.239249
1000,3500,60,75401,71089,0.233584
1000,3500,110,75401,75,0.112992
1000,3500,160,75401,47,0.108195
1000,3500,210,75401,47,0.111788
1000,3500,260,75401,47,0.112679
1000,3500,310,75401,47,0.110729
1000,3500,360,75401,47,0.107158
1000,3500,410,75401,47,0.109819
1000,3500,460,75401,47,0.113425
1000,3500,510,75401,47,0.110642
1000,3500,560,75401,47,0.108784
1000,3500,610,75401,47,0.109744
1000,3500,660,75401,47,0.110523
1000,3500,710,75401,47,0.110472
1000,3500,760,75401,47,0.111402
1000,3750,10,80401,79071,0.249092
1000,3750,60,80401,76746,0.248417
1000,3750,110,80401,75,0.116627
1000,3750,160,80401,47,0.11899
1000,3750,210,80401,47,0.11868
1000,3750,260,80401,47,0.12006
1000,3750,310,80401,47,0.117932
1000,3750,360,80401,47,0.115463
1000,3750,410,80401,47,0.116403
1000,3750,460,80401,47,0.116104
1000,3750,510,80401,47,0.119021
1000,3750,560,80401,47,0.116865
1000,3750,610,80401,47,0.115882
1000,3750,660,80401,47,0.114316
1000,3750,710,80401,47,0.119776
1000,3750,760,80401,47,0.112992
1000,4000,10,85401,84071,0.264558
1000,4000,60,85401,82037,0.269118
1000,4000,110,85401,76,0.127253
1000,4000,160,85401,47,0.124415
1000,4000,210,85401,47,0.12475
1000,4000,260,85401,47,0.120103
1000,4000,310,85401,47,0.127205
1000,4000,360,85401,47,0.125285
1000,4000,410,85401,47,0.124234
1000,4000,460,85401,47,0.121527
1000,4000,510,85401,47,0.125748
1000,4000,560,85401,47,0.124973
1000,4000,610,85401,47,0.12554
1000,4000,660,85401,47,0.123706
1000,4000,710,85401,47,0.125937
1000,4000,760,85401,47,0.123972
1000,4250,10,90401,89070,0.282566
1000,4250,60,90401,87536,0.313295
1000,4250,110,90401,76,0.1396
1000,4250,160,90401,49,0.135482
1000,4250,210,90401,47,0.1352
1000,4250,260,90401,47,0.13557
1000,4250,310,90401,47,0.134735
1000,4250,360,90401,47,0.135381
1000,4250,410,90401,47,0.131904
1000,4250,460,90401,47,0.134736
1000,4250,510,90401,47,0.137613
1000,4250,560,90401,47,0.130333
1000,4250,610,90401,47,0.131268
1000,4250,660,90401,47,0.133392
1000,4250,710,90401,47,0.135433
1000,4250,760,90401,47,0.134187
1000,4500,10,95401,94069,0.298281
1000,4500,60,95401,92548,0.298663
1000,4500,110,95401,76,0.140059
1000,4500,160,95401,54,0.139317
1000,4500,210,95401,47,0.143529
1000,4500,260,95401,47,0.142186
1000,4500,310,95401,47,0.139233
1000,4500,360,95401,47,0.140957
1000,4500,410,95401,47,0.140472
1000,4500,460,95401,47,0.142144
1000,4500,510,95401,47,0.14396
1000,4500,560,95401,47,0.139914
1000,4500,610,95401,47,0.137985
1000,4500,660,95401,47,0.13894
1000,4500,710,95401,47,0.140742
1000,4500,760,95401,47,0.137655
1000,4750,10,100401,99067,0.313488
1000,4750,60,100401,97594,0.306212
1000,4750,110,100401,76,0.147037
1000,4750,160,100401,60,0.150329
1000,4750,210,100401,47,0.147501
1000,4750,260,100401,47,0.144765
1000,4750,310,100401,47,0.142795
1000,4750,360,100401,47,0.143758
1000,4750,410,100401,47,0.14967
1000,4750,460,100401,47,0.142826
1000,4750,510,100401,47,0.14733
1000,4750,560,100401,47,0.15505
1000,4750,610,100401,47,0.147433
1000,4750,660,100401,47,0.149851
1000,4750,710,100401,47,0.157519
1000,4750,760,100401,47,0.147348
1000,5000,10,106401,105073,0.325446
1000,5000,60,106401,103634,0.331789
1000,5000,110,106401,375,0.154257
1000,5000,160,106401,73,0.159946
1000,5000,210,106401,47,0.155479
1000,5000,260,106401,47,0.156814
1000,5000,310,106401,47,0.157472
1000,5000,360,106401,47,0.156428
1000,5000,410,106401,47,0.156383
1000,5000,460,106401,47,0.155749
1000,5000,510,106401,47,0.149813
1000,5000,560,106401,47,0.153767
1000,5000,610,106401,47,0.159355
1000,5000,660,106401,47,0.158335
1000,5000,710,106401,47,0.157025
1000,5000,760,106401,47,0.154996
1000,5250,10,111401,110074,0.355405
1000,5250,60,111401,108665,0.350784
1000,5250,110,111401,100612,0.34215
1000,5250,160,111401,74,0.178403
1000,5250,210,111401,47,0.16798
1000,5250,260,111401,47,0.158956
1000,5250,310,111401,47,0.164315
1000,5250,360,111401,47,0.163603
1000,5250,410,111401,47,0.16223
1000,5250,460,111401,47,0.16178
1000,5250,510,111401,47,0.163145
1000,5250,560,111401,47,0.165286
1000,5250,610,111401,47,0.160312
1000,5250,660,111401,47,0.161132
1000,5250,710,111401,47,0.167301
1000,5250,760,111401,47,0.178372
1000,5500,10,116401,115074,0.363614
1000,5500,60,116401,114569,0.371121
1000,5500,110,116401,108788,0.3601
1000,5500,160,116401,75,0.186396
1000,5500,210,116401,47,0.182431
1000,5500,260,116401,47,0.176991
1000,5500,310,116401,47,0.174349
1000,5500,360,116401,47,0.17758
1000,5500,410,116401,47,0.171076
1000,5500,460,116401,47,0.173244
1000,5500,510,116401,47,0.174668
1000,5500,560,116401,47,0.165639
1000,5500,610,116401,47,0.172651
1000,5500,660,116401,47,0.173923
1000,5500,710,116401,47,0.174595
1000,5500,760,116401,47,0.174453
1000,5750,10,121401,120067,0.375679
1000,5750,60,121401,119591,0.38057
1000,5750,110,121401,115391,0.379135
1000,5750,160,121401,75,0.182912
1000,5750,210,121401,47,0.182336
1000,5750,260,121401,47,0.180761
1000,5750,310,121401,47,0.184527
1000,5750,360,121401,47,0.18151
1000,5750,410,121401,47,0.183351
1000,5750,460,121401,47,0.183368
1000,5750,510,121401,47,0.180671
1000,5750,560,121401,47,0.180547
1000,5750,610,121401,47,0.188083
1000,5750,660,121401,47,0.188954
1000,5750,710,121401,47,0.186812
1000,5750,760,121401,47,0.180235
1000,6000,10,126401,125073,0.400959
1000,6000,60,126401,124626,0.3945
1000,6000,110,126401,121164,0.404664
1000,6000,160,126401,75,0.195463
1000,6000,210,126401,47,0.190909
1000,6000,260,126401,47,0.188122
1000,6000,310,126401,47,0.185125
1000,6000,360,126401,47,0.192898
1000,6000,410,126401,47,0.189108
1000,6000,460,126401,47,0.191818
1000,6000,510,126401,47,0.191936
1000,6000,560,126401,47,0.176843
1000,6000,610,126401,47,0.191214
1000,6000,660,126401,47,0.191987
1000,6000,710,126401,47,0.189868
1000,6000,760,126401,47,0.187553
1000,6250,10,132401,131075,0.417952
1000,6250,60,132401,130654,0.413848
1000,6250,110,132401,126817,0.412214
1000,6250,160,132401,76,0.204189
1000,6250,210,132401,47,0.196098
1000,6250,260,132401,47,0.196242
1000,6250,310,132401,47,0.196189
1000,6250,360,132401,47,0.201248
1000,6250,410,132401,47,0.198457
1000,6250,460,132401,47,0.202624
1000,6250,510,132401,47,0.198264
1000,6250,560,132401,47,0.199888
1000,6250,610,132401,47,0.196668
1000,6250,660,132401,47,0.199046
1000,6250,710,132401,47,0.196712
1000,6250,760,132401,47,0.19906
1000,6500,10,137401,136241,0.438379
1000,6500,60,137401,135693,0.429854
1000,6500,110,137401,132376,0.435421
1000,6500,160,137401,76,0.215867
1000,6500,210,137401,48,0.211391
1000,6500,260,137401,47,0.216176
1000,6500,310,137401,47,0.210128
1000,6500,360,137401,47,0.201536
1000,6500,410,137401,47,0.201125
1000,6500,460,137401,47,0.210062
1000,6500,510,137401,47,0.209619
1000,6500,560,137401,47,0.212013
1000,6500,610,137401,47,0.20621
1000,6500,660,137401,47,0.205839
1000,6500,710,137401,47,0.201364
1000,6500,760,137401,47,0.20643
1000,6750,10,142401,142073,0.468322
1000,6750,60,142401,140718,0.471775
1000,6750,110,142401,137298,0.463763
1000,6750,160,142401,76,0.266821
1000,6750,210,142401,51,0.215805
1000,6750,260,142401,47,0.215004
1000,6750,310,142401,47,0.208839
1000,6750,360,142401,47,0.211932
1000,6750,410,142401,47,0.213646
1000,6750,460,142401,47,0.217833
1000,6750,510,142401,47,0.215245
1000,6750,560,142401,47,0.213642
1000,6750,610,142401,47,0.213451
1000,6750,660,142401,47,0.214135
1000,6750,710,142401,47,0.218248
1000,6750,760,142401,47,0.214469
1000,7000,10,147401,147074,0.475058
1000,7000,60,147401,145764,0.472113
1000,7000,110,147401,143034,0.468207
1000,7000,160,147401,76,0.221879
1000,7000,210,147401,56,0.221845
1000,7000,260,147401,47,0.228871
1000,7000,310,147401,47,0.218718
1000,7000,360,147401,47,0.226942
1000,7000,410,147401,47,0.235346
1000,7000,460,147401,47,0.226778
1000,7000,510,147401,47,0.226593
1000,7000,560,147401,47,0.221306
1000,7000,610,147401,47,0.225509
1000,7000,660,147401,47,0.222315
1000,7000,710,147401,47,0.217867
1000,7000,760,147401,47,0.222646
1000,7250,10,152401,152073,0.482186
1000,7250,60,152401,150770,0.480343
1000,7250,110,152401,147931,0.482154
1000,7250,160,152401,76,0.233411
1000,7250,210,152401,60,0.232056
1000,7250,260,152401,47,0.225909
1000,7250,310,152401,47,0.227715
1000,7250,360,152401,47,0.231483
1000,7250,410,152401,47,0.236418
1000,7250,460,152401,47,0.225041
1000,7250,510,152401,47,0.226713
1000,7250,560,152401,47,0.228021
1000,7250,610,152401,47,0.228112
1000,7250,660,152401,47,0.223483
1000,7250,710,152401,47,0.230608
1000,7250,760,152401,47,0.229045
1000,7500,10,158401,158076,0.503571
1000,7500,60,158401,156807,0.511095
1000,7500,110,158401,153768,0.508145
1000,7500,160,158401,1130,0.244787
1000,7500,210,158401,74,0.253708
1000,7500,260,158401,47,0.240674
1000,7500,310,158401,47,0.241163
1000,7500,360,158401,47,0.239762
1000,7500,410,158401,47,0.237287
1000,7500,460,158401,47,0.231293
1000,7500,510,158401,47,0.239704
1000,7500,560,158401,47,0.244737
1000,7500,610,158401,47,0.234909
1000,7500,660,158401,47,0.238318
1000,7500,710,158401,47,0.23865
1000,7500,760,158401,47,0.252382
1000,7750,10,163401,163076,0.522599
1000,7750,60,163401,161802,0.534907
1000,7750,110,163401,160007,0.53224
1000,7750,160,163401,151499,0.524465
1000,7750,210,163401,74,0.252147
1000,7750,260,163401,47,0.245825
1000,7750,310,163401,47,0.245117
1000,7750,360,163401,47,0.247733
1000,7750,410,163401,47,0.242347
1000,7750,460,163401,47,0.247598
1000,7750,510,163401,47,0.249304
1000,7750,560,163401,47,0.244299
1000,7750,610,163401,47,0.242737
1000,7750,660,163401,47,0.253131
1000,7750,710,163401,47,0.241415
1000,7750,760,163401,47,0.26001
1000,8000,10,168401,168075,0.537192
1000,8000,60,168401,166819,0.534855
1000,8000,110,168401,165038,0.531971
1000,8000,160,168401,159359,0.538967
1000,8000,210,168401,75,0.264974
1000,8000,260,168401,47,0.260578
1000,8000,310,168401,47,0.257989
1000,8000,360,168401,47,0.256196
1000,8000,410,168401,47,0.254551
1000,8000,460,168401,47,0.256394
1000,8000,510,168401,47,0.260399
1000,8000,560,168401,47,0.249981
1000,8000,610,168401,47,0.252069
1000,8000,660,168401,47,0.2594
1000,8000,710,168401,47,0.258738
1000,8000,760,168401,47,0.250317
1000,8250,10,173401,173075,0.557305
1000,8250,60,173401,171831,0.551779
1000,8250,110,173401,169751,0.5519
1000,8250,160,173401,165597,0.544857
1000,8250,210,173401,75,0.26813
1000,8250,260,173401,47,0.263593
1000,8250,310,173401,47,0.266055
1000,8250,360,173401,47,0.261618
1000,8250,410,173401,47,0.264217
1000,8250,460,173401,47,0.260594
1000,8250,510,173401,47,0.264827
1000,8250,560,173401,47,0.262018
1000,8250,610,173401,47,0.26364
1000,8250,660,173401,47,0.268206
1000,8250,710,173401,47,0.262546
1000,8250,760,173401,47,0.261879
1000,8500,10,178401,178076,0.556294
1000,8500,60,178401,176821,0.554807
1000,8500,110,178401,174803,0.543967
1000,8500,160,178401,171384,0.572311
1000,8500,210,178401,75,0.277151
1000,8500,260,178401,47,0.27785
1000,8500,310,178401,47,0.273701
1000,8500,360,178401,47,0.299554
1000,8500,410,178401,47,0.273758
1000,8500,460,178401,47,0.283495
1000,8500,510,178401,47,0.27342
1000,8500,560,178401,47,0.265261
1000,8500,610,178401,47,0.271434
1000,8500,660,178401,47,0.26815
1000,8500,710,178401,47,0.270394
1000,8500,760,178401,47,0.274529
1000,8750,10,183401,183076,0.582251
1000,8750,60,183401,181856,0.585288
1000,8750,110,183401,179917,0.607074
1000,8750,160,183401,176780,0.589833
1000,8750,210,183401,76,0.29434
1000,8750,260,183401,47,0.277092
1000,8750,310,183401,47,0.280979
1000,8750,360,183401,47,0.28003
1000,8750,410,183401,47,0.27924
1000,8750,460,183401,47,0.279854
1000,8750,510,183401,47,0.280782
1000,8750,560,183401,47,0.281381
1000,8750,610,183401,47,0.276153
1000,8750,660,183401,47,0.281553
1000,8750,710,183401,47,0.267777
1000,8750,760,183401,47,0.285947
1000,9000,10,188401,188076,0.601653
1000,9000,60,188401,187140,0.61135
1000,9000,110,188401,184841,0.608136
1000,9000,160,188401,182167,0.60824
1000,9000,210,188401,76,0.323084
1000,9000,260,188401,48,0.295831
1000,9000,310,188401,47,0.294154
1000,9000,360,188401,47,0.291582
1000,9000,410,188401,47,0.287922
1000,9000,460,188401,47,0.285337
1000,9000,510,188401,47,0.294033
1000,9000,560,188401,47,0.289006
1000,9000,610,188401,47,0.299593
1000,9000,660,188401,47,0.283105
1000,9000,710,188401,47,0.285892
1000,9000,760,188401,47,0.293124
1000,9250,10,193401,193073,0.615627
1000,9250,60,193401,192058,0.61477
1000,9250,110,193401,189809,0.622038
1000,9250,160,193401,187564,0.619356
1000,9250,210,193401,76,0.306865
1000,9250,260,193401,52,0.305079
1000,9250,310,193401,47,0.327808
1000,9250,360,193401,47,0.297009
1000,9250,410,193401,47,0.297797
1000,9250,460,193401,47,0.299811
1000,9250,510,193401,47,0.305511
1000,9250,560,193401,47,0.298911
1000,9250,610,193401,47,0.298391
1000,9250,660,193401,47,0.293923
1000,9250,710,193401,47,0.290079
1000,9250,760,193401,47,0.297206
1000,9500,10,198401,198075,0.635273
1000,9500,60,198401,197376,0.648022
1000,9500,110,198401,194774,0.649236
1000,9500,160,198401,193119,0.655618
1000,9500,210,198401,76,0.302002
1000,9500,260,198401,57,0.336016
1000,9500,310,198401,47,0.303238
1000,9500,360,198401,47,0.302581
1000,9500,410,198401,47,0.303555
1000,9500,460,198401,47,0.302124
1000,9500,510,198401,47,0.304205
1000,9500,560,198401,47,0.303705
1000,9500,610,198401,47,0.306335
1000,9500,660,198401,47,0.311799
1000,9500,710,198401,47,0.304203
1000,9500,760,198401,47,0.300993
1000,9750,10,203401,203076,0.648606
1000,9750,60,203401,202399,0.63828
1000,9750,110,203401,199739,0.633206
1000,9750,160,203401,198097,0.641027
1000,9750,210,203401,76,0.306162
1000,9750,260,203401,60,0.308475
1000,9750,310,203401,47,0.314331
1000,9750,360,203401,47,0.308332
1000,9750,410,203401,47,0.307245
1000,9750,460,203401,47,0.304884
1000,9750,510,203401,47,0.317319
1000,9750,560,203401,47,0.307692
1000,9750,610,203401,47,0.305874
1000,9750,660,203401,47,0.313333
1000,9750,710,203401,47,0.314159
1000,9750,760,203401,47,0.312472
1000,10000,10,209401,209075,0.636521
1000,10000,60,209401,208393,0.641248
1000,10000,110,209401,205703,0.65284
1000,10000,160,209401,204411,0.662384
1000,10000,210,209401,179824,0.640507
1000,10000,260,209401,74,0.3268
1000,10000,310,209401,47,0.315973
1000,10000,360,209401,47,0.319467
1000,10000,410,209401,47,0.322088
1000,10000,460,209401,47,0.308066
1000,10000,510,209401,47,0.308927
1000,10000,560,209401,47,0.314138
1000,10000,610,209401,47,0.318386
1000,10000,660,209401,47,0.314069
1000,10000,710,209401,47,0.316245
1000,10000,760,209401,47,0.331121
1000,10250,10,214401,214075,0.663263
1000,10250,60,214401,213258,0.674907
1000,10250,110,214401,212211,0.678695
1000,10250,160,214401,209729,0.671201
1000,10250,210,214401,201670,0.678848
1000,10250,260,214401,75,0.334816
1000,10250,310,214401,47,0.322884
1000,10250,360,214401,47,0.320994
1000,10250,410,214401,47,0.32518
1000,10250,460,214401,47,0.322347
1000,10250,510,214401,47,0.342485
1000,10250,560,214401,47,0.327758
1000,10250,610,214401,47,0.327018
1000,10250,660,214401,47,0.322318
1000,10250,710,214401,47,0.31913
1000,10250,760,214401,47,0.330617
1000,10500,10,219401,219074,0.682886
1000,10500,60,219401,218204,0.686361
1000,10500,110,219401,217600,0.694353
1000,10500,160,219401,214717,0.706109
1000,10500,210,219401,209389,0.699758
1000,10500,260,219401,75,0.342798
1000,10500,310,219401,47,0.330011
1000,10500,360,219401,47,0.338483
1000,10500,410,219401,47,0.340609
1000,10500,460,219401,47,0.341152
1000,10500,510,219401,47,0.33831
1000,10500,560,219401,47,0.334939
1000,10500,610,219401,47,0.329207
1000,10500,660,219401,47,0.327646
1000,10500,710,219401,47,0.350274
1000,10500,760,219401,47,0.352459
1000,10750,10,224401,224076,0.696202
1000,10750,60,224401,223040,0.719082
1000,10750,110,224401,222608,0.718215
1000,10750,160,224401,219686,0.714782
1000,10750,210,224401,215599,0.701476
1000,10750,260,224401,75,0.353508
1000,10750,310,224401,47,0.337599
1000,10750,360,224401,47,0.341446
1000,10750,410,224401,47,0.342795
1000,10750,460,224401,47,0.354009
1000,10750,510,224401,47,0.345814
1000,10750,560,224401,47,0.349427
1000,10750,610,224401,47,0.342184
1000,10750,660,224401,47,0.354257
1000,10750,710,224401,47,0.34531
1000,10750,760,224401,47,0.338469
1000,11000,10,229401,229075,0.717023
1000,11000,60,229401,228947,0.74051
1000,11000,110,229401,227621,0.746459
1000,11000,160,229401,224712,0.755904
1000,11000,210,229401,221624,0.741415
1000,11000,260,229401,75,0.358116
1000,11000,310,229401,47,0.345229
1000,11000,360,229401,47,0.351781
1000,11000,410,229401,47,0.339294
1000,11000,460,229401,47,0.345667
1000,11000,510,229401,47,0.347694
1000,11000,560,229401,47,0.364289
1000,11000,610,229401,47,0.361219
1000,11000,660,229401,47,0.360513
1000,11000,710,229401,47,0.357615
1000,11000,760,229401,47,0.363028
1000,11250,10,234401,234075,0.734317
1000,11250,60,234401,233934,0.743316
1000,11250,110,234401,231865,0.749252
1000,11250,160,234401,229827,0.763727
1000,11250,210,234401,227390,0.754665
1000,11250,260,234401,76,0.371116
1000,11250,310,234401,47,0.360643
1000,11250,360,234401,47,0.376387
1000,11250,410,234401,47,0.360035
1000,11250,460,234401,47,0.357024
1000,11250,510,234401,47,0.356908
1000,11250,560,234401,47,0.366796
1000,11250,610,234401,47,0.365243
1000,11250,660,234401,47,0.370873
1000,11250,710,234401,47,0.367007
1000,11250,760,234401,47,0.366704
1000,11500,10,239401,239076,0.768422
1000,11500,60,239401,238944,0.764943
1000,11500,110,239401,236737,0.771666
1000,11500,160,239401,235509,0.78325
1000,11500,210,239401,232700,0.77672
1000,11500,260,239401,76,0.369502
1000,11500,310,239401,49,0.372289
1000,11500,360,239401,47,0.375475
1000,11500,410,239401,47,0.366387
1000,11500,460,239401,47,0.380524
1000,11500,510,239401,47,0.386301
1000,11500,560,239401,47,0.378069
1000,11500,610,239401,47,0.372255
1000,11500,660,239401,47,0.385905
1000,11500,710,239401,47,0.378162
1000,11500,760,239401,47,0.375436
1000,11750,10,244401,244075,0.776993
1000,11750,60,244401,243928,0.79061
1000,11750,110,244401,241970,0.800798
1000,11750,160,244401,240525,0.787957
1000,11750,210,244401,238158,0.792634
1000,11750,260,244401,76,0.380698
1000,11750,310,244401,53,0.393233
1000,11750,360,244401,47,0.381217
1000,11750,410,244401,47,0.377224
1000,11750,460,244401,47,0.377106
1000,11750,510,244401,47,0.384994
1000,11750,560,244401,47,0.376248
1000,11750,610,244401,47,0.383618
1000,11750,660,244401,47,0.382392
1000,11750,710,244401,47,0.382984
1000,11750,760,244401,47,0.37932
1000,12000,10,249401,249075,0.827397
1000,12000,60,249401,248959,0.835293
1000,12000,110,249401,247324,0.830384
1000,12000,160,249401,245537,0.839594
1000,12000,210,249401,243665,0.855816
1000,12000,260,249401,76,0.4023
1000,12000,310,249401,59,0.407388
1000,12000,360,249401,47,0.404001
1000,12000,410,249401,47,0.40927
1000,12000,460,249401,47,0.401108
1000,12000,510,249401,47,0.402621
1000,12000,560,249401,47,0.400111
1000,12000,610,249401,47,0.402217
1000,12000,660,249401,47,0.407786
1000,12000,710,249401,47,0.386273
1000,12000,760,249401,47,0.392122
1000,12250,10,254401,254075,0.825119
1000,12250,60,254401,253967,0.828059
1000,12250,110,254401,252314,0.82041
1000,12250,160,254401,250552,0.811474
1000,12250,210,254401,248636,0.807058
1000,12250,260,254401,99,0.391877
1000,12250,310,254401,61,0.406861
1000,12250,360,254401,47,0.401469
1000,12250,410,254401,47,0.397909
1000,12250,460,254401,47,0.398233
1000,12250,510,254401,47,0.404325
1000,12250,560,254401,47,0.398199
1000,12250,610,254401,47,0.392119
1000,12250,660,254401,47,0.394616
1000,12250,710,254401,47,0.40552
1000,12250,760,254401,47,0.394255
1000,12500,10,261401,261076,0.837435
1000,12500,60,261401,260971,0.830721
1000,12500,110,261401,258955,0.850545
1000,12500,160,261401,257057,0.847514
1000,12500,210,261401,255355,0.848099
1000,12500,260,261401,240636,0.839414
1000,12500,310,261401,74,0.414456
1000,12500,360,261401,47,0.418074
1000,12500,410,261401,47,0.421575
1000,12500,460,261401,47,0.39197
1000,12500,510,261401,47,0.414491
1000,12500,560,261401,47,0.407189
1000,12500,610,261401,47,0.410679
1000,12500,660,261401,47,0.398595
1000,12500,710,261401,47,0.412599
1000,12500,760,261401,47,0.404101
1000,12750,10,266401,266074,0.845527
1000,12750,60,266401,265987,0.854392
1000,12750,110,266401,264700,0.862461
1000,12750,160,266401,262056,0.85202
1000,12750,210,266401,260347,0.84889
1000,12750,260,266401,253016,0.865307
1000,12750,310,266401,75,0.421299
1000,12750,360,266401,47,0.400908
1000,12750,410,266401,47,0.42186
1000,12750,460,266401,47,0.418383
1000,12750,510,266401,47,0.421632
1000,12750,560,266401,47,0.41716
1000,12750,610,266401,47,0.415073
1000,12750,660,266401,47,0.416515
1000,12750,710,266401,47,0.416562
1000,12750,760,266401,47,0.405307
1000,13000,10,271401,271076,0.857103
1000,13000,60,271401,270969,0.854725
1000,13000,110,271401,269713,0.869433
1000,13000,160,271401,267091,0.869165
1000,13000,210,271401,265238,0.886051
1000,13000,260,271401,260493,0.890929
1000,13000,310,271401,75,0.430422
1000,13000,360,271401,47,0.413375
1000,13000,410,271401,47,0.421274
1000,13000,460,271401,47,0.43483
1000,13000,510,271401,47,0.422611
1000,13000,560,271401,47,0.423123
1000,13000,610,271401,47,0.417806
1000,13000,660,271401,47,0.416087
1000,13000,710,271401,47,0.427814
1000,13000,760,271401,47,0.429163
1000,13250,10,276401,276076,0.891217
1000,13250,60,276401,275973,0.887152
1000,13250,110,276401,274737,0.886984
1000,13250,160,276401,272090,0.885355
1000,13250,210,276401,270951,0.888334
1000,13250,260,276401,266511,0.892803
1000,13250,310,276401,75,0.468429
1000,13250,360,276401,47,0.453973
1000,13250,410,276401,47,0.43133
1000,13250,460,276401,47,0.452541
1000,13250,510,276401,47,0.438259
1000,13250,560,276401,47,0.434021
1000,13250,610,276401,47,0.431328
1000,13250,660,276401,47,0.431548
1000,13250,710,276401,47,0.442583
1000,13250,760,276401,47,0.438586
1000,13500,10,281401,281074,0.897488
1000,13500,60,281401,280975,0.893801
1000,13500,110,281401,279741,0.903809
1000,13500,160,281401,277103,0.913956
1000,13500,210,281401,276059,0.915366
1000,13500,260,281401,272370,0.912214
1000,13500,310,281401,76,0.435588
1000,13500,360,281401,47,0.440248
1000,13500,410,281401,47,0.43576
1000,13500,460,281401,47,0.451388
1000,13500,510,281401,47,0.443293
1000,13500,560,281401,47,0.434974
1000,13500,610,281401,47,0.432288
1000,13500,660,281401,47,0.444263
1000,13500,710,281401,47,0.438062
1000,13500,760,281401,47,0.465146
1000,13750,10,286401,286076,0.915207
1000,13750,60,286401,285997,0.929162
1000,13750,110,286401,284783,0.912398
1000,13750,160,286401,282006,0.92733
1000,13750,210,286401,281047,0.945014
1000,13750,260,286401,277831,0.938422
1000,13750,310,286401,76,0.45163
1000,13750,360,286401,47,0.450707
1000,13750,410,286401,47,0.449701
1000,13750,460,286401,47,0.447353
1000,13750,510,286401,47,0.461014
1000,13750,560,286401,47,0.454994
1000,13750,610,286401,47,0.449459
1000,13750,660,286401,47,0.452422
1000,13750,710,286401,47,0.467246
1000,13750,760,286401,47,0.442988
1000,14000,10,291401,291076,0.91929
1000,14000,60,291401,290997,0.928025
1000,14000,110,291401,289766,0.939452
1000,14000,160,291401,287065,0.943219
1000,14000,210,291401,286035,1.05663
1000,14000,260,291401,283323,0.97757
1000,14000,310,291401,76,0.459159
1000,14000,360,291401,50,0.469631
1000,14000,410,291401,47,0.472104
1000,14000,460,291401,47,0.480358
1000,14000,510,291401,47,0.480421
1000,14000,560,291401,47,0.482004
1000,14000,610,291401,47,0.453409
1000,14000,660,291401,47,0.455622
1000,14000,710,291401,47,0.455342
1000,14000,760,291401,47,0.465576
1000,14250,10,296401,296075,0.950451
1000,14250,60,296401,295987,0.954871
1000,14250,110,296401,294692,0.953301
1000,14250,160,296401,292025,0.965449
1000,14250,210,296401,290910,0.963518
1000,14250,260,296401,288675,0.95968
1000,14250,310,296401,76,0.469029
1000,14250,360,296401,55,0.483675
1000,14250,410,296401,47,0.473697
1000,14250,460,296401,47,0.465866
1000,14250,510,296401,47,0.465677
1000,14250,560,296401,47,0.468646
1000,14250,610,296401,47,0.464476
1000,14250,660,296401,47,0.471912
1000,14250,710,296401,47,0.47876
1000,14250,760,296401,47,0.464466
1000,14500,10,301401,301076,0.935259
1000,14500,60,301401,300996,0.944481
1000,14500,110,301401,299450,0.951017
1000,14500,160,301401,296961,0.958514
1000,14500,210,301401,295880,0.971346
1000,14500,260,301401,294163,0.986944
1000,14500,310,301401,76,0.480187
1000,14500,360,301401,60,0.479858
1000,14500,410,301401,47,0.463688
1000,14500,460,301401,47,0.471598
1000,14500,510,301401,47,0.484488
1000,14500,560,301401,47,0.464693
1000,14500,610,301401,47,0.497193
1000,14500,660,301401,47,0.485148
1000,14500,710,301401,47,0.47869
1000,14500,760,301401,47,0.481383
1000,14750,10,307401,307075,0.960448
1000,14750,60,307401,307003,0.967845
1000,14750,110,307401,305413,0.993883
1000,14750,160,307401,302803,0.984589
1000,14750,210,307401,301752,1.00586
1000,14750,260,307401,300001,1.02339
1000,14750,310,307401,1005,0.484622
1000,14750,360,307401,74,0.502695
1000,14750,410,307401,47,0.482813
1000,14750,460,307401,47,0.478833
1000,14750,510,307401,47,0.481436
1000,14750,560,307401,47,0.503701
1000,14750,610,307401,47,0.474799
1000,14750,660,307401,47,0.480768
1000,14750,710,307401,47,0.484108
1000,14750,760,307401,47,0.481519
1000,15000,10,312401,312075,0.992834
1000,15000,60,312401,311992,1.0072
1000,15000,110,312401,310174,1.012
1000,15000,160,312401,309470,1.06101
1000,15000,210,312401,308013,1.01413
1000,15000,260,312401,305679,1.02233
1000,15000,310,312401,292801,1.07032
1000,15000,360,312401,74,0.49635
1000,15000,410,312401,47,0.49924
1000,15000,460,312401,47,0.49004
1000,15000,510,312401,47,0.490203
1000,15000,560,312401,47,0.498471
1000,15000,610,312401,47,0.495049
1000,15000,660,312401,47,0.498462
1000,15000,710,312401,47,0.491835
1000,15000,760,312401,47,0.498162
1000,15250,10,317401,317076,1.0164
1000,15250,60,317401,317005,1.01404
1000,15250,110,317401,314853,1.00256
1000,15250,160,317401,316552,1.02509
1000,15250,210,317401,313008,1.01908
1000,15250,260,317401,310572,1.03663
1000,15250,310,317401,303611,1.03734
1000,15250,360,317401,75,0.498107
1000,15250,410,317401,47,0.494285
1000,15250,460,317401,47,0.506724
1000,15250,510,317401,47,0.502135
1000,15250,560,317401,47,0.50139
1000,15250,610,317401,47,0.511872
1000,15250,660,317401,47,0.50148
1000,15250,710,317401,47,0.500346
1000,15250,760,317401,47,0.515576
1000,15500,10,322401,322076,1.01645
1000,15500,60,322401,322004,1.02873
1000,15500,110,322401,321808,1.03128
1000,15500,160,322401,321561,1.04971
1000,15500,210,322401,318009,1.05305
1000,15500,260,322401,316146,1.06789
1000,15500,310,322401,310505,1.08544
1000,15500,360,322401,75,0.561411
1000,15500,410,322401,47,0.516117
1000,15500,460,322401,47,0.504388
1000,15500,510,322401,47,0.512474
1000,15500,560,322401,47,0.513346
1000,15500,610,322401,47,0.505137
1000,15500,660,322401,47,0.51989
1000,15500,710,322401,47,0.513193
1000,15500,760,322401,47,0.503285
1000,15750,10,327401,327076,1.04756
1000,15750,60,327401,327019,1.03228
1000,15750,110,327401,326839,1.04831
1000,15750,160,327401,326593,1.07062
1000,15750,210,327401,323032,1.07608
1000,15750,260,327401,321140,1.0728
1000,15750,310,327401,317123,1.09568
1000,15750,360,327401,75,0.529834
1000,15750,410,327401,47,0.519209
1000,15750,460,327401,47,0.516032
1000,15750,510,327401,47,0.510303
1000,15750,560,327401,47,0.525299
1000,15750,610,327401,47,0.524448
1000,15750,660,327401,47,0.521909
1000,15750,710,327401,47,0.518299
1000,15750,760,327401,47,0.522505
1000,16000,10,332401,332076,1.05846
1000,16000,60,332401,332016,1.07064
1000,16000,110,332401,331827,1.06237
1000,16000,160,332401,331594,1.15098
1000,16000,210,332401,328021,1.07305
1000,16000,260,332401,326142,1.07111
1000,16000,310,332401,322816,1.1048
1000,16000,360,332401,76,0.533335
1000,16000,410,332401,47,0.543434
1000,16000,460,332401,47,0.53595
1000,16000,510,332401,47,0.530559
1000,16000,560,332401,47,0.530412
1000,16000,610,332401,47,0.522817
1000,16000,660,332401,47,0.538784
1000,16000,710,332401,47,0.521651
1000,16000,760,332401,47,0.532171
1000,16250,10,337401,337076,1.06624
1000,16250,60,337401,337010,1.08318
1000,16250,110,337401,336838,1.07311
1000,16250,160,337401,336611,1.11358
1000,16250,210,337401,332781,1.10738
1000,16250,260,337401,331074,1.12625
1000,16250,310,337401,328330,1.13313
1000,16250,360,337401,76,0.543617
1000,16250,410,337401,48,0.53525
1000,16250,460,337401,47,0.533558
1000,16250,510,337401,47,0.531502
1000,16250,560,337401,47,0.519379
1000,16250,610,337401,47,0.542777
1000,16250,660,337401,47,0.539373
1000,16250,710,337401,47,0.602853
1000,16250,760,337401,47,0.537721
1000,16500,10,342401,342076,1.06545
1000,16500,60,342401,342016,1.09733
1000,16500,110,342401,341844,1.12565
1000,16500,160,342401,341612,1.12562
1000,16500,210,342401,337660,1.12504
1000,16500,260,342401,336479,1.12503
1000,16500,310,342401,334056,1.13924
1000,16500,360,342401,76,0.5516
1000,16500,410,342401,51,0.559931
1000,16500,460,342401,47,0.551147
1000,16500,510,342401,47,0.546665
1000,16500,560,342401,47,0.542877
1000,16500,610,342401,47,0.54302
1000,16500,660,342401,47,0.548389
1000,16500,710,342401,47,0.537059
1000,16500,760,342401,47,0.549641
1000,16750,10,347401,347076,1.10011
1000,16750,60,347401,347017,1.10852
1000,16750,110,347401,346870,1.10889
1000,16750,160,347401,346644,1.13816
1000,16750,210,347401,343552,1.14748
1000,16750,260,347401,341720,1.14377
1000,16750,310,347401,339351,1.19278
1000,16750,360,347401,76,0.577835
1000,16750,410,347401,56,0.552913
1000,16750,460,347401,47,0.557181
1000,16750,510,347401,47,0.543017
1000,16750,560,347401,47,0.546318
1000,16750,610,347401,47,0.566875
1000,16750,660,347401,47,0.550259
1000,16750,710,347401,47,0.560872
1000,16750,760,347401,47,0.553717
1000,17000,10,352401,352076,1.09875
1000,17000,60,352401,352015,1.12272
1000,17000,110,352401,351862,1.14859
1000,17000,160,352401,351626,1.12859
1000,17000,210,352401,348090,1.16507
1000,17000,260,352401,346728,1.16478
1000,17000,310,352401,344742,1.15699
1000,17000,360,352401,76,0.57358
1000,17000,410,352401,60,0.577221
1000,17000,460,352401,47,0.55967
1000,17000,510,352401,47,0.56743
1000,17000,560,352401,47,0.568651
1000,17000,610,352401,47,0.568347
1000,17000,660,352401,47,0.572382
1000,17000,710,352401,47,0.560766
1000,17000,760,352401,47,0.577166
1000,17250,10,358401,358076,1.13619
1000,17250,60,358401,358016,1.14312
1000,17250,110,358401,357857,1.13704
1000,17250,160,358401,357666,1.15985
1000,17250,210,358401,354077,1.16518
1000,17250,260,358401,352725,1.19624
1000,17250,310,358401,350801,1.19077
1000,17250,360,358401,1591,0.575288
1000,17250,410,358401,74,0.587101
1000,17250,460,358401,47,0.570929
1000,17250,510,358401,47,0.577893
1000,17250,560,358401,47,0.57024
1000,17250,610,358401,47,0.587692
1000,17250,660,358401,47,0.582494
1000,17250,710,358401,47,0.57598
1000,17250,760,358401,47,0.562104
1000,17500,10,363401,363076,1.15809
1000,17500,60,363401,363007,1.17608
1000,17500,110,363401,362861,1.15845
1000,17500,160,363401,362660,1.18485
1000,17500,210,363401,359345,1.18786
1000,17500,260,363401,357725,1.19584
1000,17500,310,363401,356102,1.226
1000,17500,360,363401,344035,1.22633
1000,17500,410,363401,74,0.599324
1000,17500,460,363401,47,0.575933
1000,17500,510,363401,47,0.577314
1000,17500,560,363401,47,0.569747
1000,17500,610,363401,47,0.571433
1000,17500,660,363401,47,0.584036
1000,17500,710,363401,47,0.581975
1000,17500,760,363401,47,0.570319
1000,17750,10,368401,368076,1.16471
1000,17750,60,368401,368025,1.18277
1000,17750,110,368401,367882,1.1768
1000,17750,160,368401,367677,1.22424
1000,17750,210,368401,364351,1.2165
1000,17750,260,368401,362724,1.20454
1000,17750,310,368401,361304,1.22134
1000,17750,360,368401,354002,1.22625
1000,17750,410,368401,75,0.594894
1000,17750,460,368401,47,0.582063
1000,17750,510,368401,47,0.605796
1000,17750,560,368401,47,0.584665
1000,17750,610,368401,47,0.586632
1000,17750,660,368401,47,0.58246
1000,17750,710,368401,47,0.594524
1000,17750,760,368401,47,0.594058
1000,18000,10,373401,373075,1.16656
1000,18000,60,373401,373026,1.17945
1000,18000,110,373401,372898,1.20981
1000,18000,160,373401,372682,1.22354
1000,18000,210,373401,369213,1.22587
1000,18000,260,373401,367710,1.25636
1000,18000,310,373401,366586,1.2537
1000,18000,360,373401,361573,1.25018
1000,18000,410,373401,75,0.590858
1000,18000,460,373401,47,0.592463
1000,18000,510,373401,47,0.600902
1000,18000,560,373401,47,0.613375
1000,18000,610,373401,47,0.593966
1000,18000,660,373401,47,0.596311
1000,18000,710,373401,47,0.59911
1000,18000,760,373401,47,0.600886
1000,18250,10,378401,378076,1.20153
1000,18250,60,378401,378029,1.22974
1000,18250,110,378401,377882,1.20858
1000,18250,160,378401,377679,1.21847
1000,18250,210,378401,374211,1.26796
1000,18250,260,378401,372728,1.23708
1000,18250,310,378401,371583,1.24584
1000,18250,360,378401,367432,1.2857
1000,18250,410,378401,75,0.609871
1000,18250,460,378401,47,0.610625
1000,18250,510,378401,47,0.615413
1000,18250,560,378401,47,0.611065
1000,18250,610,378401,47,0.603928
1000,18250,660,378401,47,0.60924
1000,18250,710,378401,47,0.614793
1000,18250,760,378401,47,0.607186
1000,18500,10,384401,384073,1.21539
1000,18500,60,384401,384011,1.2115
1000,18500,110,384401,383868,1.22988
1000,18500,160,384401,383698,1.22799
1000,18500,210,384401,379635,1.22872
1000,18500,260,384401,378538,1.23666
1000,18500,310,384401,377388,1.23781
1000,18500,360,384401,373551,1.26141
1000,18500,410,384401,76,0.63236
1000,18500,460,384401,47,0.604564
1000,18500,510,384401,47,0.594367
1000,18500,560,384401,47,0.607575
1000,18500,610,384401,47,0.593572
1000,18500,660,384401,47,0.60832
1000,18500,710,384401,47,0.616692
1000,18500,760,384401,47,0.606763
1000,18750,10,389401,389076,1.25963
1000,18750,60,389401,389036,1.24198
1000,18750,110,389401,388902,1.22442
1000,18750,160,389401,388694,1.26614
1000,18750,210,389401,384558,1.25595
1000,18750,260,389401,384080,1.25181
1000,18750,310,389401,382413,1.27776
1000,18750,360,389401,379336,1.29236
1000,18750,410,389401,76,0.616131
1000,18750,460,389401,49,0.62889
1000,18750,510,389401,47,0.618602
1000,18750,560,389401,47,0.617464
1000,18750,610,389401,47,0.620979
1000,18750,660,389401,47,0.607716
1000,18750,710,389401,47,0.600107
1000,18750,760,389401,47,0.631934
1000,19000,10,394401,394076,1.20344
1000,19000,60,394401,394034,1.24243
1000,19000,110,394401,393918,1.25123
1000,19000,160,394401,393728,1.25789
1000,19000,210,394401,389481,1.29016
1000,19000,260,394401,389214,1.29461
1000,19000,310,394401,387377,1.31684
1000,19000,360,394401,384737,1.31523
1000,19000,410,394401,76,0.633644
1000,19000,460,394401,53,0.645836
1000,19000,510,394401,47,0.613658
1000,19000,560,394401,47,0.626145
1000,19000,610,394401,47,0.625457
1000,19000,660,394401,47,0.627261
1000,19000,710,394401,47,0.643602
1000,19000,760,394401,47,0.660393
1000,19250,10,399401,399076,1.29686
1000,19250,60,399401,399036,1.2497
1000,19250,110,399401,398916,1.29112
1000,19250,160,399401,398735,1.29468
1000,19250,210,399401,394238,1.31478
1000,19250,260,399401,394342,1.33125
1000,19250,310,399401,392303,1.33354
1000,19250,360,399401,390173,1.35542
1000,19250,410,399401,76,0.63759
1000,19250,460,399401,59,0.646034
1000,19250,510,399401,47,0.656546
1000,19250,560,399401,47,0.663102
1000,19250,610,399401,47,0.647215
1000,19250,660,399401,47,0.643716
1000,19250,710,399401,47,0.633383
1000,19250,760,399401,47,0.637363
1000,19500,10,404401,404076,1.26638
1000,19500,60,404401,404030,1.31547
1000,19500,110,404401,403898,1.30784
1000,19500,160,404401,403726,1.32091
1000,19500,210,404401,399004,1.317
1000,19500,260,404401,399458,1.33437
1000,19500,310,404401,397246,1.36934
1000,19500,360,404401,395551,1.36652
1000,19500,410,404401,120,0.648581
1000,19500,460,404401,61,0.652802
1000,19500,510,404401,47,0.643952
1000,19500,560,404401,47,0.666978
1000,19500,610,404401,47,0.645132
1000,19500,660,404401,47,0.656792
1000,19500,710,404401,47,0.644325
1000,19500,760,404401,47,0.652316
1000,19750,10,410401,410076,1.31871
1000,19750,60,410401,410037,1.30427
1000,19750,110,410401,409927,1.294
1000,19750,160,410401,409730,1.33369
1000,19750,210,410401,405190,1.32072
1000,19750,260,410401,405600,1.38791
1000,19750,310,410401,404081,1.383
1000,19750,360,410401,401923,1.39699
1000,19750,410,410401,375587,1.34245
1000,19750,460,410401,74,0.645382
1000,19750,510,410401,47,0.663945
1000,19750,560,410401,47,0.668208
1000,19750,610,410401,47,0.660843
1000,19750,660,410401,47,0.657838
1000,19750,710,410401,47,0.661474
1000,19750,760,410401,47,0.666675
1000,20000,10,415401,415076,1.31913
1000,20000,60,415401,415017,1.32629
1000,20000,110,415401,414897,1.3475
1000,20000,160,415401,414724,1.34894
1000,20000,210,415401,414547,1.36746
1000,20000,260,415401,410643,1.37589
1000,20000,310,415401,409076,1.49282
1000,20000,360,415401,406732,1.40617
1000,20000,410,415401,396004,1.40731
1000,20000,460,415401,75,0.680876
1000,20000,510,415401,47,0.668091
1000,20000,560,415401,47,0.679359
1000,20000,610,415401,47,0.669346
1000,20000,660,415401,47,0.671534
1000,20000,710,415401,47,0.678792
1000,20000,760,415401,47,0.687318
1000,20250,10,420401,420075,1.31108
1000,20250,60,420401,420016,1.33274
1000,20250,110,420401,419894,1.35095
1000,20250,160,420401,419730,1.36536
1000,20250,210,420401,419539,1.36006
1000,20250,260,420401,415419,1.40757
1000,20250,310,420401,414080,1.40772
1000,20250,360,420401,412298,1.42679
1000,20250,410,420401,406158,1.4343
1000,20250,460,420401,75,0.685253
1000,20250,510,420401,47,0.6935
1000,20250,560,420401,47,0.686905
1000,20250,610,420401,47,0.680018
1000,20250,660,420401,47,0.722478
1000,20250,710,420401,47,0.67879
1000,20250,760,420401,47,0.683802
1000,20500,10,425401,425076,1.29837
1000,20500,60,425401,425036,1.31428
1000,20500,110,425401,424901,1.34925
1000,20500,160,425401,424747,1.3973
1000,20500,210,425401,424558,1.41315
1000,20500,260,425401,420141,1.3978
1000,20500,310,425401,419068,1.44407
1000,20500,360,425401,417110,1.43569
1000,20500,410,425401,412558,1.43865
1000,20500,460,425401,75,0.714051
1000,20500,510,425401,47,0.686536
1000,20500,560,425401,47,0.694935
1000,20500,610,425401,47,0.692761
1000,20500,660,425401,47,0.687229
1000,20500,710,425401,47,0.700221
1000,20500,760,425401,47,0.676013
1000,20750,10,430401,430075,1.35218
1000,20750,60,430401,430024,1.35939
1000,20750,110,430401,429907,1.37155
1000,20750,160,430401,429740,1.40667
1000,20750,210,430401,429569,1.41999
1000,20750,260,430401,426054,1.41445
1000,20750,310,430401,424070,1.44154
1000,20750,360,430401,422789,1.44576
1000,20750,410,430401,418153,1.48312
1000,20750,460,430401,75,0.703947
1000,20750,510,430401,47,0.698519
1000,20750,560,430401,47,0.703796
1000,20750,610,430401,47,0.693263
1000,20750,660,430401,47,0.713368
1000,20750,710,430401,47,0.704231
1000,20750,760,430401,47,0.699531
1000,21000,10,435401,435076,1.34898
1000,21000,60,435401,435040,1.39425
1000,21000,110,435401,434937,1.42513
1000,21000,160,435401,434772,1.41535
1000,21000,210,435401,434590,1.43507
1000,21000,260,435401,431069,1.4477
1000,21000,310,435401,428955,1.46485
1000,21000,360,435401,427652,1.49767
1000,21000,410,435401,424182,1.50555
1000,21000,460,435401,76,0.708975
1000,21000,510,435401,47,0.702649
1000,21000,560,435401,47,0.724848
1000,21000,610,435401,47,0.718914
1000,21000,660,435401,47,0.699726
1000,21000,710,435401,47,0.710547
1000,21000,760,435401,47,0.721017
1000,21250,10,440401,440076,1.41158
1000,21250,60,440401,440027,1.41322
1000,21250,110,440401,439917,1.40771
1000,21250,160,440401,439738,1.43003
1000,21250,210,440401,439581,1.5351
1000,21250,260,440401,436060,1.46343
1000,21250,310,440401,433979,1.50749
1000,21250,360,440401,432686,1.49397
1000,21250,410,440401,429689,1.49805
1000,21250,460,440401,76,0.7284
1000,21250,510,440401,49,0.732386
1000,21250,560,440401,47,0.731431
1000,21250,610,440401,47,0.714193
1000,21250,660,440401,47,0.715213
1000,21250,710,440401,47,0.720313
1000,21250,760,440401,47,0.733961
1000,21500,10,445401,445076,1.41602
1000,21500,60,445401,445034,1.40802
1000,21500,110,445401,444934,1.45332
1000,21500,160,445401,444770,1.44599
1000,21500,210,445401,444596,1.46781
1000,21500,260,445401,441085,1.50158
1000,21500,310,445401,438917,1.48014
1000,21500,360,445401,437593,1.51022
1000,21500,410,445401,435480,1.52371
1000,21500,460,445401,76,0.815437
1000,21500,510,445401,54,0.729182
1000,21500,560,445401,47,0.716579
1000,21500,610,445401,47,0.706741
1000,21500,660,445401,47,0.727365
1000,21500,710,445401,47,0.737673
1000,21500,760,445401,47,0.746502
1000,21750,10,450401,450075,1.41454
1000,21750,60,450401,450046,1.47922
1000,21750,110,450401,449954,1.43326
1000,21750,160,450401,449800,1.46943
1000,21750,210,450401,449612,1.49281
1000,21750,260,450401,445672,1.48061
1000,21750,310,450401,443976,1.48521
1000,21750,360,450401,443384,1.51345
1000,21750,410,450401,440828,1.53633
1000,21750,460,450401,76,0.720824
1000,21750,510,450401,60,0.749095
1000,21750,560,450401,47,0.727334
1000,21750,610,450401,47,0.714655
1000,21750,660,450401,47,0.728506
1000,21750,710,450401,47,0.725254
1000,21750,760,450401,47,0.711135
1000,22000,10,455401,455076,1.41925
1000,22000,60,455401,455048,1.43704
1000,22000,110,455401,454951,1.44018
1000,22000,160,455401,454812,1.4407
1000,22000,210,455401,454638,1.48097
1000,22000,260,455401,450685,1.48857
1000,22000,310,455401,448845,1.50097
1000,22000,360,455401,448150,1.55826
1000,22000,410,455401,445933,1.5323
1000,22000,460,455401,88,0.728883
1000,22000,510,455401,73,0.748124
1000,22000,560,455401,47,0.762942
1000,22000,610,455401,47,0.756259
1000,22000,660,455401,47,0.750165
1000,22000,710,455401,47,0.747892
1000,22000,760,455401,47,0.755222
1000,22250,10,461401,461076,1.46517
1000,22250,60,461401,461046,1.4802
1000,22250,110,461401,460938,1.4881
1000,22250,160,461401,460776,1.51335
1000,22250,210,461401,460621,1.51393
1000,22250,260,461401,456675,1.52186
1000,22250,310,461401,457478,1.55557
1000,22250,360,461401,454263,1.58615
1000,22250,410,461401,452311,1.58249
1000,22250,460,461401,430795,1.56607
1000,22250,510,461401,74,0.762043
1000,22250,560,461401,47,0.749196
1000,22250,610,461401,47,0.734494
1000,22250,660,461401,47,0.739556
1000,22250,710,461401,47,0.74362
1000,22250,760,461401,47,0.745112
1000,22500,10,466401,466076,1.47015
1000,22500,60,466401,466048,1.46749
1000,22500,110,466401,465951,1.49545
1000,22500,160,466401,465822,1.49458
1000,22500,210,466401,465641,1.4989
1000,22500,260,466401,461694,1.51111
1000,22500,310,466401,462501,1.55024
1000,22500,360,466401,459139,1.58239
1000,22500,410,466401,457853,1.56384
1000,22500,460,466401,447950,1.57288
1000,22500,510,466401,75,0.7725
1000,22500,560,466401,47,0.734577
1000,22500,610,466401,47,0.739479
1000,22500,660,466401,47,0.748036
1000,22500,710,466401,47,0.74627
1000,22500,760,466401,47,0.748679
1000,22750,10,471401,471076,1.4702
1000,22750,60,471401,471049,1.49765
1000,22750,110,471401,470975,1.46644
1000,22750,160,471401,470826,1.49861
1000,22750,210,471401,470662,1.50894
1000,22750,260,471401,466469,1.54823
1000,22750,310,471401,467516,1.56791
1000,22750,360,471401,464091,1.56774
1000,22750,410,471401,462675,1.57432
1000,22750,460,471401,456024,1.63503
1000,22750,510,471401,75,0.769137
1000,22750,560,471401,47,0.759305
1000,22750,610,471401,47,0.761605
1000,22750,660,471401,47,0.756787
1000,22750,710,471401,47,0.768032
1000,22750,760,471401,47,0.757234
1000,23000,10,476401,476076,1.48368
1000,23000,60,476401,476038,1.50591
1000,23000,110,476401,475941,1.52432
1000,23000,160,476401,475820,1.50747
1000,23000,210,476401,475644,1.51996
1000,23000,260,476401,471477,1.55206
1000,23000,310,476401,472509,1.56679
1000,23000,360,476401,470016,1.62974
1000,23000,410,476401,468148,1.62303
1000,23000,460,476401,463216,1.67946
1000,23000,510,476401,75,0.808123
1000,23000,560,476401,47,0.788443
1000,23000,610,476401,47,0.778006
1000,23000,660,476401,47,0.772498
1000,23000,710,476401,47,0.773171
1000,23000,760,476401,47,0.793984
1000,23250,10,481401,481076,1.49454
1000,23250,60,481401,481052,1.5007
1000,23250,110,481401,480976,1.50659
1000,23250,160,481401,480844,1.52407
1000,23250,210,481401,480679,1.57062
1000,23250,260,481401,476325,1.57923
1000,23250,310,481401,477522,1.62959
1000,23250,360,481401,475049,1.60206
1000,23250,410,481401,473110,1.59906
1000,23250,460,481401,468933,1.64653
1000,23250,510,481401,76,0.782005
1000,23250,560,481401,47,0.788431
1000,23250,610,481401,47,0.834925
1000,23250,660,481401,47,0.806241
1000,23250,710,481401,47,0.781538
1000,23250,760,481401,47,0.778656
1000,23500,10,486401,486076,1.54785
1000,23500,60,486401,486045,1.57919
1000,23500,110,486401,485961,1.57131
1000,23500,160,486401,485828,1.56759
1000,23500,210,486401,485671,1.56349
1000,23500,260,486401,481253,1.58183
1000,23500,310,486401,481639,1.64882
1000,23500,360,486401,479843,1.60694
1000,23500,410,486401,478128,1.65676
1000,23500,460,486401,474951,1.66144
1000,23500,510,486401,76,0.811489
1000,23500,560,486401,47,0.78773
1000,23500,610,486401,47,0.780968
1000,23500,660,486401,47,0.803373
1000,23500,710,486401,47,0.806855
1000,23500,760,486401,47,0.777948
1000,23750,10,491401,491076,1.52132
1000,23750,60,491401,491052,1.54016
1000,23750,110,491401,490973,1.53264
1000,23750,160,491401,490841,1.58819
1000,23750,210,491401,490685,1.60445
1000,23750,260,491401,486164,1.60972
1000,23750,310,491401,486629,1.61017
1000,23750,360,491401,484934,1.7035
1000,23750,410,491401,483568,1.66008
1000,23750,460,491401,480487,1.66941
1000,23750,510,491401,76,0.803654
1000,23750,560,491401,50,0.803908
1000,23750,610,491401,47,0.81673
1000,23750,660,491401,47,0.791278
1000,23750,710,491401,47,0.791998
1000,23750,760,491401,47,0.811709
1000,24000,10,496401,496076,1.53798
1000,24000,60,496401,496044,1.54786
1000,24000,110,496401,495972,1.57713
1000,24000,160,496401,495849,1.59208
1000,24000,210,496401,495693,1.58421
1000,24000,260,496401,491061,1.62586
1000,24000,310,496401,491376,1.66343
1000,24000,360,496401,489891,1.66109
1000,24000,410,496401,488546,1.67729
1000,24000,460,496401,486061,1.7188
1000,24000,510,496401,76,0.797654
1000,24000,560,496401,55,0.873294
1000,24000,610,496401,47,0.820841
1000,24000,660,496401,47,0.817484
1000,24000,710,496401,47,0.807407
1000,24000,760,496401,47,0.816466
1000,24250,10,501401,501075,1.59181
1000,24250,60,501401,501040,1.61232
1000,24250,110,501401,500962,1.61091
1000,24250,160,501401,500826,1.62257
1000,24250,210,501401,500690,1.6574
1000,24250,260,501401,495942,1.65088
1000,24250,310,501401,496352,1.70753
1000,24250,360,501401,495523,1.71214
1000,24250,410,501401,493533,1.73895
1000,24250,460,501401,491236,1.72399
1000,24250,510,501401,76,0.840412
1000,24250,560,501401,60,0.837644
1000,24250,610,501401,47,0.822478
1000,24250,660,501401,47,0.826976
1000,24250,710,501401,47,0.836359
1000,24250,760,501401,47,0.832911
1000,24500,10,506401,506076,1.61278
1000,24500,60,506401,506046,1.62111
1000,24500,110,506401,505972,1.65431
1000,24500,160,506401,505854,1.65463
1000,24500,210,506401,505704,1.64858
1000,24500,260,506401,500805,1.66676
1000,24500,310,506401,500992,1.70932
1000,24500,360,506401,500028,1.72444
1000,24500,410,506401,498502,1.73227
1000,24500,460,506401,496748,1.81766
1000,24500,510,506401,1452,0.841492
1000,24500,560,506401,73,0.832699
1000,24500,610,506401,47,0.82053
1000,24500,660,506401,47,0.827104
1000,24500,710,506401,47,0.846507
1000,24500,760,506401,47,0.835718
1000,24750,10,513401,513076,1.61885
1000,24750,60,513401,513048,1.62601
1000,24750,110,513401,512972,1.65726
1000,24750,160,513401,512843,1.66496
1000,24750,210,513401,512709,1.68515
1000,24750,260,513401,512390,1.69757
1000,24750,310,513401,508396,1.71445
1000,24750,360,513401,506369,1.74991
1000,24750,410,513401,505417,1.74974
1000,24750,460,513401,503052,1.82315
1000,24750,510,513401,489228,1.79284
1000,24750,560,513401,74,0.867927
1000,24750,610,513401,47,0.848436
1000,24750,660,513401,47,0.86122
1000,24750,710,513401,47,0.8467
1000,24750,760,513401,47,0.835318
1000,25000,10,518401,518076,1.64801
1000,25000,60,518401,518044,1.67525
1000,25000,110,518401,517975,1.66577
1000,25000,160,518401,517856,1.68625
1000,25000,210,518401,517716,1.70543
1000,25000,260,518401,517557,1.72244
1000,25000,310,518401,513401,1.72401
1000,25000,360,518401,511461,1.77023
1000,25000,410,518401,510343,1.77398
1000,25000,460,518401,508429,1.81917
1000,25000,510,518401,499732,1.82952
1000,25000,560,518401,75,0.877161
1000,25000,610,518401,47,0.958934
1000,25000,660,518401,47,0.855421
1000,25000,710,518401,47,0.866095
1000,25000,760,518401,47,0.865509
1000,25250,10,523401,523075,1.66436
1000,25250,60,523401,523045,1.64542
1000,25250,110,523401,522960,1.66977
1000,25250,160,523401,522830,1.71821
1000,25250,210,523401,522683,1.76543
1000,25250,260,523401,522544,1.79333
1000,25250,310,523401,518406,1.82956
1000,25250,360,523401,516381,1.8566
1000,25250,410,523401,515398,1.86999
1000,25250,460,523401,513937,1.87729
1000,25250,510,523401,507393,1.8954
1000,25250,560,523401,75,0.900251
1000,25250,610,523401,47,0.860813
1000,25250,660,523401,47,0.844132
1000,25250,710,523401,47,0.869917
1000,25250,760,523401,47,0.849955
1000,25500,10,528401,528076,1.75432
1000,25500,60,528401,528053,1.64211
1000,25500,110,528401,527979,1.70292
1000,25500,160,528401,527881,1.67148
1000,25500,210,528401,527728,1.69831
1000,25500,260,528401,527582,1.73134
1000,25500,310,528401,523405,1.75713
1000,25500,360,528401,521079,1.78567
1000,25500,410,528401,520340,1.79194
1000,25500,460,528401,518832,1.82882
1000,25500,510,528401,513951,1.81416
1000,25500,560,528401,75,0.883839
1000,25500,610,528401,47,0.846322
1000,25500,660,528401,47,0.847572
1000,25500,710,528401,47,0.879741
1000,25500,760,528401,47,0.859356
1000,25750,10,533401,533076,1.66318
1000,25750,60,533401,533040,1.67209
1000,25750,110,533401,532973,1.73392
1000,25750,160,533401,532865,1.7094
1000,25750,210,533401,532741,1.69932
1000,25750,260,533401,532577,1.75845
1000,25750,310,533401,528423,1.77551
1000,25750,360,533401,526017,1.78442
1000,25750,410,533401,525267,1.78476
1000,25750,460,533401,524261,1.83218
1000,25750,510,533401,520299,1.86653
1000,25750,560,533401,76,0.886914
1000,25750,610,533401,47,0.890864
1000,25750,660,533401,47,0.87245
1000,25750,710,533401,47,0.881625
1000,25750,760,533401,47,0.857235
1000,26000,10,538401,538076,1.671
1000,26000,60,538401,538053,1.70761
1000,26000,110,538401,537988,1.74199
1000,26000,160,538401,537874,1.72517
1000,26000,210,538401,537734,1.73854
1000,26000,260,538401,537594,1.76182
1000,26000,310,538401,533426,1.78169
1000,26000,360,538401,533998,1.82373
1000,26000,410,538401,530197,1.8119
1000,26000,460,538401,529356,1.83208
1000,26000,510,538401,525846,1.90925
1000,26000,560,538401,76,0.885037
1000,26000,610,538401,48,0.890366
1000,26000,660,538401,47,0.869914
1000,26000,710,538401,47,0.880922
1000,26000,760,538401,47,0.89214
1000,26250,10,543401,543074,1.68551
1000,26250,60,543401,543043,1.73403
1000,26250,110,543401,542966,1.76011
1000,26250,160,543401,542856,1.72284
1000,26250,210,543401,542714,1.76379
1000,26250,260,543401,542578,1.75953
1000,26250,310,543401,538426,1.84127
1000,26250,360,543401,539005,1.83935
1000,26250,410,543401,537402,1.83469
1000,26250,460,543401,534198,1.84918
1000,26250,510,543401,531195,1.88219
1000,26250,560,543401,76,0.899812
1000,26250,610,543401,52,0.891067
1000,26250,660,543401,47,0.909868
1000,26250,710,543401,47,0.906834
1000,26250,760,543401,47,0.894356
1000,26500,10,548401,548075,1.70771
1000,26500,60,548401,548039,1.75484
1000,26500,110,548401,547967,1.73132
1000,26500,160,548401,547870,1.73525
1000,26500,210,548401,547742,1.75679
1000,26500,260,548401,547606,1.7981
1000,26500,310,548401,543187,1.83045
1000,26500,360,548401,544006,1.84833
1000,26500,410,548401,541168,1.85479
1000,26500,460,548401,539587,1.88573
1000,26500,510,548401,536554,1.88846
1000,26500,560,548401,76,0.904056
1000,26500,610,548401,57,0.902409
1000,26500,660,548401,47,0.915673
1000,26500,710,548401,47,0.87294
1000,26500,760,548401,47,0.904926
1000,26750,10,553401,553076,1.7605
1000,26750,60,553401,553058,1.71779
1000,26750,110,553401,552996,1.731
1000,26750,160,553401,552901,1.7625
1000,26750,210,553401,552757,1.76183
1000,26750,260,553401,552608,1.81964
1000,26750,310,553401,548104,1.82929
1000,26750,360,553401,548996,1.86159
1000,26750,410,553401,546184,1.87074
1000,26750,460,553401,544804,1.93655
1000,26750,510,553401,542031,1.92599
1000,26750,560,553401,76,0.937797
1000,26750,610,553401,60,0.953049
1000,26750,660,553401,47,0.893458
1000,26750,710,553401,47,0.92571
1000,26750,760,553401,47,0.926313
1000,27000,10,559401,559076,1.74779
1000,27000,60,559401,559054,1.76282
1000,27000,110,559401,558990,1.97628
1000,27000,160,559401,558870,1.81533
1000,27000,210,559401,558741,1.82799
1000,27000,260,559401,558606,1.82815
1000,27000,310,559401,553983,1.87948
1000,27000,360,559401,555017,1.89826
1000,27000,410,559401,552588,1.90927
1000,27000,460,559401,550715,1.94515
1000,27000,510,559401,548662,1.92497
1000,27000,560,559401,511712,1.87923
1000,27000,610,559401,74,0.938612
1000,27000,660,559401,47,0.943723
1000,27000,710,559401,47,0.947096
1000,27000,760,559401,47,0.909822
1000,27250,10,564401,564075,1.78069
1000,27250,60,564401,564063,1.78595
1000,27250,110,564401,564011,1.83506
1000,27250,160,564401,563897,1.8358
1000,27250,210,564401,563774,1.85302
1000,27250,260,564401,563629,2.06231
1000,27250,310,564401,558948,1.90737
1000,27250,360,564401,560033,1.92322
1000,27250,410,564401,557364,1.95633
1000,27250,460,564401,555641,1.95629
1000,27250,510,564401,554099,1.9795
1000,27250,560,564401,540294,1.94234
1000,27250,610,564401,75,0.951061
1000,27250,660,564401,47,0.931692
1000,27250,710,564401,47,0.943968
1000,27250,760,564401,47,0.935731
1000,27500,10,569401,569076,1.82044
1000,27500,60,569401,569045,1.81863
1000,27500,110,569401,568981,1.81273
1000,27500,160,569401,568890,1.82589
1000,27500,210,569401,568770,1.88238
1000,27500,260,569401,568635,1.87865
1000,27500,310,569401,563795,1.90894
1000,27500,360,569401,565032,1.95203
1000,27500,410,569401,562825,1.98651
1000,27500,460,569401,560506,1.97308
1000,27500,510,569401,558761,1.99899
1000,27500,560,569401,549848,2.02814
1000,27500,610,569401,75,0.968375
1000,27500,660,569401,47,0.968042
1000,27500,710,569401,47,0.957896
1000,27500,760,569401,47,0.951235
1000,27750,10,574401,574076,1.78224
1000,27750,60,574401,574058,1.81609
1000,27750,110,574401,574004,1.86462
1000,27750,160,574401,573916,1.85665
1000,27750,210,574401,573785,1.85381
1000,27750,260,574401,573651,1.89936
1000,27750,310,574401,568758,1.93388
1000,27750,360,574401,570027,1.985
1000,27750,410,574401,567833,1.97811
1000,27750,460,574401,566356,2.01824
1000,27750,510,574401,564371,2.04036
1000,27750,560,574401,558148,2.04415
1000,27750,610,574401,75,0.964733
1000,27750,660,574401,47,0.985207
1000,27750,710,574401,47,0.984595
1000,27750,760,574401,47,0.99062
1000,28000,10,579401,579075,1.85045
1000,28000,60,579401,579045,1.85804
1000,28000,110,579401,578987,1.88332
1000,28000,160,579401,578894,1.88363
1000,28000,210,579401,578790,1.91144
1000,28000,260,579401,578628,1.92772
1000,28000,310,579401,573601,1.96797
1000,28000,360,579401,575043,2.02376
1000,28000,410,579401,572134,2.09712
1000,28000,460,579401,571379,2.10864
1000,28000,510,579401,569550,2.04008
1000,28000,560,579401,565292,2.08928
1000,28000,610,579401,75,0.972179
1000,28000,660,579401,47,1.01852
1000,28000,710,579401,47,0.974104
1000,28000,760,579401,47,0.985735
