1000,250,10,2860,241,0.0031386
1000,250,60,2860,16,0.0023767
1000,250,110,2860,16,0.0023046
1000,250,160,2860,16,0.0023979
1000,250,210,2860,16,0.0022791
1000,250,260,2860,16,0.0023018
1000,250,310,2860,16,0.0023156
1000,250,360,2860,16,0.0022834
1000,250,410,2860,16,0.0022943
1000,250,460,2860,16,0.0022939
1000,250,510,2860,16,0.0022684
1000,500,10,3784,673,0.0057795
1000,500,60,3784,50,0.0030312
1000,500,110,3784,28,0.0029892
1000,500,160,3784,28,0.0030353
1000,500,210,3784,28,0.0034623
1000,500,260,3784,28,0.0029844
1000,500,310,3784,28,0.0029366
1000,500,360,3784,28,0.0029652
1000,500,410,3784,28,0.0029707
1000,500,460,3784,28,0.0029384
1000,500,510,3784,28,0.0029844
1000,750,10,4641,1117,0.0079012
1000,750,60,4641,68,0.0037258
1000,750,110,4641,38,0.0037163
1000,750,160,4641,38,0.0035928
1000,750,210,4641,38,0.0035649
1000,750,260,4641,38,0.0035447
1000,750,310,4641,38,0.0035331
1000,750,360,4641,38,0.0035318
1000,750,410,4641,38,0.0034169
1000,750,460,4641,38,0.0035327
1000,750,510,4641,38,0.003402
1000,1000,10,5509,1581,0.0101876
1000,1000,60,5509,100,0.0048989
1000,1000,110,5509,47,0.004209
1000,1000,160,5509,47,0.0041088
1000,1000,210,5509,47,0.0041372
1000,1000,260,5509,47,0.0041146
1000,1000,310,5509,47,0.0040867
1000,1000,360,5509,47,0.004102
1000,1000,410,5509,47,0.0040888
1000,1000,460,5509,47,0.0040716
1000,1000,510,5509,47,0.0041586
1000,1250,10,6344,2010,0.0129028
1000,1250,60,6344,225,0.0057019
1000,1250,110,6344,73,0.0050843
1000,1250,160,6344,57,0.005117
1000,1250,210,6344,57,0.0050892
1000,1250,260,6344,57,0.004979
1000,1250,310,6344,57,0.0050462
1000,1250,360,6344,57,0.0050311
1000,1250,410,6344,57,0.0050798
1000,1250,460,6344,57,0.0050526
1000,1250,510,6344,57,0.0054756
1000,1500,10,7287,2528,0.0203181
1000,1500,60,7287,453,0.007158
1000,1500,110,7287,100,0.0066075
1000,1500,160,7287,71,0.0060196
1000,1500,210,7287,71,0.0060403
1000,1500,260,7287,71,0.0060112
1000,1500,310,7287,71,0.0060261
1000,1500,360,7287,71,0.0061275
1000,1500,410,7287,71,0.0059279
1000,1500,460,7287,71,0.0060912
1000,1500,510,7287,71,0.006011
1000,1750,10,8083,2959,0.0198718
1000,1750,60,8083,539,0.0078811
1000,1750,110,8083,104,0.0067147
1000,1750,160,8083,74,0.0059952
1000,1750,210,8083,74,0.006275
1000,1750,260,8083,74,0.0062992
1000,1750,310,8083,74,0.0061674
1000,1750,360,8083,74,0.0062395
1000,1750,410,8083,74,0.0062168
1000,1750,460,8083,74,0.0061893
1000,1750,510,8083,74,0.0062824
1000,2000,10,9061,3459,0.0230622
1000,2000,60,9061,875,0.0102111
1000,2000,110,9061,157,0.0081664
1000,2000,160,9061,107,0.0074799
1000,2000,210,9061,93,0.008291
1000,2000,260,9061,93,0.0073543
1000,2000,310,9061,93,0.0072857
1000,2000,360,9061,93,0.0070122
1000,2000,410,9061,93,0.0072945
1000,2000,460,9061,93,0.0073034
1000,2000,510,9061,93,0.007266
1000,2250,10,9983,3881,0.02405
1000,2250,60,9983,1108,0.0118402
1000,2250,110,9983,315,0.0096355
1000,2250,160,9983,133,0.0087679
1000,2250,210,9983,103,0.0080675
1000,2250,260,9983,103,0.0082101
1000,2250,310,9983,103,0.0085381
1000,2250,360,9983,103,0.0082814
1000,2250,410,9983,103,0.008247
1000,2250,460,9983,103,0.0083105
1000,2250,510,9983,103,0.0081268
1000,2500,10,10874,4277,0.0279868
1000,2500,60,10874,1367,0.0130143
1000,2500,110,10874,505,0.0125656
1000,2500,160,10874,150,0.0098736
1000,2500,210,10874,119,0.0088141
1000,2500,260,10874,119,0.0088866
1000,2500,310,10874,119,0.0089122
1000,2500,360,10874,119,0.0090497
1000,2500,410,10874,119,0.0086685
1000,2500,460,10874,119,0.0090637
1000,2500,510,10874,119,0.0091886
2000,250,10,5247,460,0.0052241
2000,250,60,5247,73,0.0040354
2000,250,110,5247,24,0.0036078
2000,250,160,5247,25,0.003729
2000,250,210,5247,25,0.003852
2000,250,260,5247,25,0.0039362
2000,250,310,5247,25,0.0045872
2000,250,360,5247,25,0.0038348
2000,250,410,5247,25,0.0038595
2000,250,460,5247,25,0.0038107
2000,250,510,5247,25,0.0035983
2000,500,10,6468,1068,0.0078977
2000,500,60,6468,93,0.0057321
2000,500,110,6468,38,0.0046851
2000,500,160,6468,38,0.0048119
2000,500,210,6468,38,0.0047916
2000,500,260,6468,38,0.0047319
2000,500,310,6468,39,0.005092
2000,500,360,6468,39,0.0049913
2000,500,410,6468,38,0.0049029
2000,500,460,6468,38,0.0047086
2000,500,510,6468,38,0.0049479
2000,750,10,7700,1802,0.0121842
2000,750,60,7700,108,0.0065909
2000,750,110,7700,92,0.0057946
2000,750,160,7700,53,0.0057725
2000,750,210,7700,53,0.0055257
2000,750,260,7700,53,0.0055834
2000,750,310,7700,53,0.0055006
2000,750,360,7700,53,0.0054124
2000,750,410,7700,53,0.0055142
2000,750,460,7700,53,0.0054787
2000,750,510,7700,53,0.005537
2000,1000,10,8930,2548,0.0152628
2000,1000,60,8930,204,0.0082323
2000,1000,110,8930,125,0.0074422
2000,1000,160,8930,71,0.0069534
2000,1000,210,8930,71,0.0066384
2000,1000,260,8930,71,0.0069136
2000,1000,310,8930,71,0.0067981
2000,1000,360,8930,71,0.0069446
2000,1000,410,8930,71,0.0068303
2000,1000,460,8930,71,0.0068505
2000,1000,510,8930,71,0.0066232
2000,1250,10,10154,3308,0.0215884
2000,1250,60,10154,460,0.0106345
2000,1250,110,10154,139,0.009587
2000,1250,160,10154,115,0.00772
2000,1250,210,10154,85,0.0073765
2000,1250,260,10154,85,0.0075513
2000,1250,310,10154,85,0.0075625
2000,1250,360,10154,85,0.0075776
2000,1250,410,10154,85,0.0073502
2000,1250,460,10154,85,0.0075697
2000,1250,510,10154,85,0.0075857
2000,1500,10,11356,3927,0.0217155
2000,1500,60,11356,782,0.0110423
2000,1500,110,11356,157,0.009775
2000,1500,160,11356,154,0.0091515
2000,1500,210,11356,100,0.008467
2000,1500,260,11356,100,0.0085213
2000,1500,310,11356,100,0.0083416
2000,1500,360,11356,100,0.0083893
2000,1500,410,11356,100,0.0083989
2000,1500,460,11356,100,0.0085205
2000,1500,510,11356,100,0.0087705
2000,1750,10,12584,4629,0.0233081
2000,1750,60,12584,1158,0.0121081
2000,1750,110,12584,178,0.0112078
2000,1750,160,12584,169,0.0100878
2000,1750,210,12584,114,0.0093082
2000,1750,260,12584,114,0.0090302
2000,1750,310,12584,114,0.0089349
2000,1750,360,12584,114,0.0088847
2000,1750,410,12584,114,0.0091217
2000,1750,460,12584,114,0.0091898
2000,1750,510,12584,114,0.0093791
2000,2000,10,13879,5341,0.0291465
2000,2000,60,13879,1705,0.0180072
2000,2000,110,13879,288,0.0126738
2000,2000,160,13879,191,0.0114644
2000,2000,210,13879,163,0.0106769
2000,2000,260,13879,134,0.0101961
2000,2000,310,13879,134,0.0103454
2000,2000,360,13879,134,0.0105151
2000,2000,410,13879,134,0.0103153
2000,2000,460,13879,134,0.0102254
2000,2000,510,13879,134,0.0108323
2000,2250,10,15077,5864,0.0321021
2000,2250,60,15077,2050,0.0178765
2000,2250,110,15077,435,0.0132199
2000,2250,160,15077,200,0.0133099
2000,2250,210,15077,198,0.0118045
2000,2250,260,15077,144,0.0122417
2000,2250,310,15077,144,0.0112704
2000,2250,360,15077,144,0.0111898
2000,2250,410,15077,144,0.0113047
2000,2250,460,15077,144,0.0113252
2000,2250,510,15077,144,0.0106891
2000,2500,10,16286,6385,0.0325152
2000,2500,60,16286,2480,0.0213162
2000,2500,110,16286,806,0.0151803
2000,2500,160,16286,220,0.0137134
2000,2500,210,16286,215,0.0134147
2000,2500,260,16286,178,0.0127019
2000,2500,310,16286,160,0.0123924
2000,2500,360,16286,160,0.0118166
2000,2500,410,16286,160,0.0115471
2000,2500,460,16286,160,0.0127478
2000,2500,510,16286,160,0.0124073
3000,250,10,7626,675,0.0073727
3000,250,60,7626,111,0.0052167
3000,250,110,7626,98,0.0051295
3000,250,160,7626,31,0.0047317
3000,250,210,7626,31,0.0047144
3000,250,260,7626,31,0.0048211
3000,250,310,7626,31,0.0048076
3000,250,360,7626,31,0.0048143
3000,250,410,7626,31,0.0047708
3000,250,460,7626,31,0.0047143
3000,250,510,7626,31,0.0063165
3000,500,10,9187,1574,0.0129437
3000,500,60,9187,131,0.0072804
3000,500,110,9187,116,0.0065935
3000,500,160,9187,51,0.0063128
3000,500,210,9187,51,0.0062823
3000,500,260,9187,51,0.006557
3000,500,310,9187,51,0.0063995
3000,500,360,9187,51,0.0064244
3000,500,410,9187,51,0.0063351
3000,500,460,9187,51,0.0063804
3000,500,510,9187,51,0.0063304
3000,750,10,10814,2583,0.0169404
3000,750,60,10814,153,0.0084562
3000,750,110,10814,150,0.0080657
3000,750,160,10814,114,0.0076686
3000,750,210,10814,70,0.0072625
3000,750,260,10814,70,0.0071279
3000,750,310,10814,70,0.0082603
3000,750,360,10814,70,0.0075965
3000,750,410,10814,70,0.0070188
3000,750,460,10814,70,0.0065756
3000,750,510,10814,70,0.0068821
3000,1000,10,12325,3496,0.019833
3000,1000,60,12325,227,0.0102807
3000,1000,110,12325,168,0.0099288
3000,1000,160,12325,168,0.0100222
3000,1000,210,12325,88,0.0089669
3000,1000,260,12325,88,0.0090389
3000,1000,310,12325,88,0.0091596
3000,1000,360,12325,88,0.0088882
3000,1000,410,12325,88,0.0091113
3000,1000,460,12325,88,0.0089582
3000,1000,510,12325,88,0.00868
3000,1250,10,13870,4473,0.0240008
3000,1250,60,13870,658,0.0144548
3000,1250,110,13870,189,0.0117096
3000,1250,160,13870,189,0.0110158
3000,1250,210,13870,146,0.0104225
3000,1250,260,13870,109,0.0094518
3000,1250,310,13870,109,0.0098633
3000,1250,360,13870,109,0.0109138
3000,1250,410,13870,109,0.0097658
3000,1250,460,13870,109,0.0096147
3000,1250,510,13870,109,0.009849
3000,1500,10,15451,5419,0.0291268
3000,1500,60,15451,1160,0.0172268
3000,1500,110,15451,210,0.0138391
3000,1500,160,15451,209,0.0121814
3000,1500,210,15451,209,0.0117324
3000,1500,260,15451,129,0.0108127
3000,1500,310,15451,129,0.0108127
3000,1500,360,15451,129,0.0110883
3000,1500,410,15451,129,0.0108089
3000,1500,460,15451,129,0.010984
3000,1500,510,15451,129,0.0108306
3000,1750,10,17054,6332,0.0330312
3000,1750,60,17054,1661,0.0197708
3000,1750,110,17054,241,0.0150365
3000,1750,160,17054,231,0.0149186
3000,1750,210,17054,229,0.0136633
3000,1750,260,17054,176,0.0126153
3000,1750,310,17054,149,0.0119925
3000,1750,360,17054,149,0.0127298
3000,1750,410,17054,149,0.0128405
3000,1750,460,17054,149,0.0124111
3000,1750,510,17054,149,0.0134407
3000,2000,10,18606,7121,0.0378621
3000,2000,60,18606,2381,0.0208641
3000,2000,110,18606,360,0.0180615
3000,2000,160,18606,248,0.0153702
3000,2000,210,18606,248,0.01548
3000,2000,260,18606,248,0.0154811
3000,2000,310,18606,168,0.015011
3000,2000,360,18606,168,0.0137851
3000,2000,410,18606,168,0.0140988
3000,2000,460,18606,168,0.0141434
3000,2000,510,18606,168,0.0134551
3000,2250,10,20184,7899,0.0391972
3000,2250,60,20184,2964,0.0275837
3000,2250,110,20184,629,0.019744
3000,2250,160,20184,267,0.0165494
3000,2250,210,20184,267,0.0169373
3000,2250,260,20184,267,0.0162668
3000,2250,310,20184,192,0.0155177
3000,2250,360,20184,187,0.015471
3000,2250,410,20184,187,0.0149859
3000,2250,460,20184,187,0.0147671
3000,2250,510,20184,187,0.0154166
3000,2500,10,22708,8555,0.0425306
3000,2500,60,22708,3575,0.0267905
3000,2500,110,22708,1074,0.0232627
3000,2500,160,22708,297,0.0183325
3000,2500,210,22708,290,0.0182482
3000,2500,260,22708,290,0.0178445
3000,2500,310,22708,246,0.0176429
3000,2500,360,22708,210,0.016895
3000,2500,410,22708,210,0.0167722
3000,2500,460,22708,210,0.0165119
3000,2500,510,22708,210,0.0166288
4000,250,10,10037,852,0.0091075
4000,250,60,10037,145,0.0074448
4000,250,110,10037,133,0.0078772
4000,250,160,10037,39,0.0071312
4000,250,210,10037,39,0.0073844
4000,250,260,10037,39,0.0073288
4000,250,310,10037,39,0.0073219
4000,250,360,10037,39,0.0073626
4000,250,410,10037,39,0.0071364
4000,250,460,10037,39,0.0074065
4000,250,510,10037,39,0.0076702
4000,500,10,11901,2049,0.0140554
4000,500,60,11901,171,0.0087945
4000,500,110,11901,169,0.0089412
4000,500,160,11901,145,0.0085347
4000,500,210,11901,63,0.0078869
4000,500,260,11901,63,0.00822
4000,500,310,11901,63,0.0079257
4000,500,360,11901,63,0.0080982
4000,500,410,11901,63,0.0081353
4000,500,460,11901,63,0.0081219
4000,500,510,11901,63,0.0089981
4000,750,10,13846,3260,0.0203812
4000,750,60,13846,195,0.012243
4000,750,110,13846,193,0.0121618
4000,750,160,13846,193,0.0107708
4000,750,210,13846,146,0.0110663
4000,750,260,13846,87,0.0107202
4000,750,310,13846,87,0.0113692
4000,750,360,13846,88,0.010109
4000,750,410,13846,87,0.0097778
4000,750,460,13846,87,0.0102081
4000,750,510,13846,87,0.009909
4000,1000,10,15700,4433,0.0245738
4000,1000,60,15700,300,0.0153856
4000,1000,110,15700,215,0.0126622
4000,1000,160,15700,215,0.0122136
4000,1000,210,15700,178,0.0116557
4000,1000,260,15700,109,0.0112191
4000,1000,310,15700,109,0.0111946
4000,1000,360,15700,109,0.0110713
4000,1000,410,15700,109,0.0106169
4000,1000,460,15700,109,0.0107544
4000,1000,510,15700,109,0.0106643
4000,1250,10,17635,5713,0.0294183
4000,1250,60,17635,823,0.0174919
4000,1250,110,17635,241,0.0145674
4000,1250,160,17635,241,0.0145859
4000,1250,210,17635,241,0.0138868
4000,1250,260,17635,183,0.0136009
4000,1250,310,17635,135,0.011471
4000,1250,360,17635,135,0.0135203
4000,1250,410,17635,135,0.0121016
4000,1250,460,17635,135,0.012356
4000,1250,510,17635,135,0.0125868
4000,1500,10,19543,6783,0.0342589
4000,1500,60,19543,1419,0.0193885
4000,1500,110,19543,267,0.0164887
4000,1500,160,19543,263,0.016522
4000,1500,210,19543,263,0.016027
4000,1500,260,19543,263,0.0152934
4000,1500,310,19543,157,0.0145753
4000,1500,360,19543,157,0.01447
4000,1500,410,19543,157,0.0142972
4000,1500,460,19543,157,0.0140874
4000,1500,510,19543,157,0.014467
4000,1750,10,21789,8036,0.0414568
4000,1750,60,21789,2407,0.0269524
4000,1750,110,21789,320,0.0201411
4000,1750,160,21789,293,0.0209385
4000,1750,210,21789,293,0.0174079
4000,1750,260,21789,293,0.0183248
4000,1750,310,21789,237,0.017007
4000,1750,360,21789,187,0.0163584
4000,1750,410,21789,187,0.0161796
4000,1750,460,21789,187,0.0165282
4000,1750,510,21789,187,0.0158997
4000,2000,10,25202,9201,0.0444937
4000,2000,60,25202,3194,0.0316937
4000,2000,110,25202,473,0.020129
4000,2000,160,25202,314,0.0214649
4000,2000,210,25202,314,0.0225838
4000,2000,260,25202,315,0.0200023
4000,2000,310,25202,315,0.0198527
4000,2000,360,25202,209,0.0187552
4000,2000,410,25202,209,0.0180041
4000,2000,460,25202,209,0.0183932
4000,2000,510,25202,209,0.0185437
4000,2250,10,28830,10260,0.0534061
4000,2250,60,28830,4068,0.030765
4000,2250,110,28830,934,0.0254887
4000,2250,160,28830,341,0.02261
4000,2250,210,28830,341,0.0225472
4000,2250,260,28830,341,0.0230185
4000,2250,310,28830,341,0.0224953
4000,2250,360,28830,270,0.0219542
4000,2250,410,28830,235,0.0217434
4000,2250,460,28830,235,0.0202704
4000,2250,510,28830,235,0.0246106
4000,2500,10,32150,10968,0.054031
4000,2500,60,32150,4817,0.0352085
4000,2500,110,32150,1526,0.033097
4000,2500,160,32150,370,0.0261155
4000,2500,210,32150,362,0.0244172
4000,2500,260,32150,362,0.0247794
4000,2500,310,32150,362,0.0249245
4000,2500,360,32150,307,0.0257991
4000,2500,410,32150,279,0.0239028
4000,2500,460,32150,255,0.023378
4000,2500,510,32150,255,0.0237907
5000,250,10,12407,1096,0.0120305
5000,250,60,12407,180,0.0097505
5000,250,110,12407,179,0.0104429
5000,250,160,12407,159,0.0097885
5000,250,210,12407,47,0.0085693
5000,250,260,12407,47,0.0090089
5000,250,310,12407,47,0.0092757
5000,250,360,12407,47,0.0092473
5000,250,410,12407,47,0.0093527
5000,250,460,12407,47,0.0088622
5000,250,510,12407,47,0.0087476
5000,500,10,14594,2449,0.0173747
5000,500,60,14594,207,0.0107788
5000,500,110,14594,207,0.0113369
5000,500,160,14594,183,0.0105365
5000,500,210,14594,167,0.0102598
5000,500,260,14594,75,0.0097315
5000,500,310,14594,75,0.0097888
5000,500,360,14594,75,0.0097049
5000,500,410,14594,75,0.0093179
5000,500,460,14594,75,0.0092079
5000,500,510,14594,75,0.0095928
5000,750,10,16902,4044,0.0218058
5000,750,60,16902,243,0.0134742
5000,750,110,16902,237,0.0138991
5000,750,160,16902,236,0.0127225
5000,750,210,16902,200,0.0124143
5000,750,260,16902,104,0.010718
5000,750,310,16902,104,0.0108788
5000,750,360,16902,104,0.0105522
5000,750,410,16902,105,0.0102279
5000,750,460,16902,104,0.0108267
5000,750,510,16902,104,0.0106754
5000,1000,10,19068,5413,0.0280207
5000,1000,60,19068,422,0.0171655
5000,1000,110,19068,265,0.0175373
5000,1000,160,19068,264,0.0165847
5000,1000,210,19068,264,0.0165132
5000,1000,260,19068,217,0.0149666
5000,1000,310,19068,132,0.0136495
5000,1000,360,19068,132,0.0134219
5000,1000,410,19068,132,0.0138617
5000,1000,460,19068,132,0.0134704
5000,1000,510,19068,132,0.0136588
5000,1250,10,21351,6937,0.0364974
5000,1250,60,21351,969,0.0231717
5000,1250,110,21351,292,0.0190915
5000,1250,160,21351,291,0.0174594
5000,1250,210,21351,291,0.0169086
5000,1250,260,21351,291,0.0172405
5000,1250,310,21351,209,0.015959
5000,1250,360,21351,159,0.0154258
5000,1250,410,21351,159,0.0155758
5000,1250,460,21351,159,0.015486
5000,1250,510,21351,159,0.0158021
5000,1500,10,24638,8554,0.0412254
5000,1500,60,24638,1850,0.0229108
5000,1500,110,24638,333,0.0189213
5000,1500,160,24638,321,0.0208072
5000,1500,210,24638,321,0.0198614
5000,1500,260,24638,321,0.0206171
5000,1500,310,24638,321,0.0196245
5000,1500,360,24638,189,0.0190241
5000,1500,410,24638,189,0.0180009
5000,1500,460,24638,189,0.0183665
5000,1500,510,24638,189,0.0179065
5000,1750,10,28910,10155,0.0480517
5000,1750,60,28910,2832,0.0292699
5000,1750,110,28910,377,0.0230584
5000,1750,160,28910,350,0.0265475
5000,1750,210,28910,350,0.0224543
5000,1750,260,28910,350,0.0237568
5000,1750,310,28910,350,0.0233729
5000,1750,360,28910,349,0.0231098
5000,1750,410,28910,218,0.021277
5000,1750,460,28910,218,0.0212221
5000,1750,510,28910,218,0.0201938
5000,2000,10,33080,11606,0.0571369
5000,2000,60,33080,4072,0.0348715
5000,2000,110,33080,667,0.0274567
5000,2000,160,33080,384,0.0261743
5000,2000,210,33080,383,0.0254429
5000,2000,260,33080,382,0.0289033
5000,2000,310,33080,382,0.0270192
5000,2000,360,33080,382,0.0261623
5000,2000,410,33080,294,0.0256472
5000,2000,460,33080,251,0.0237187
5000,2000,510,33080,251,0.0228454
5000,2250,10,37508,12552,0.0636679
5000,2250,60,37508,5265,0.0427346
5000,2250,110,37508,1396,0.0321428
5000,2250,160,37508,417,0.0312298
5000,2250,210,37508,414,0.0321424
5000,2250,260,37508,414,0.0301258
5000,2250,310,37508,414,0.0298258
5000,2250,360,37508,414,0.0306399
5000,2250,410,37508,343,0.0303518
5000,2250,460,37508,297,0.0285495
5000,2250,510,37508,283,0.0281363
5000,2500,10,41635,13361,0.0708098
5000,2500,60,41635,6102,0.0444725
5000,2500,110,41635,2086,0.0385873
5000,2500,160,41635,448,0.0330863
5000,2500,210,41635,442,0.0321566
5000,2500,260,41635,442,0.0329443
5000,2500,310,41635,442,0.0339331
5000,2500,360,41635,442,0.0343644
5000,2500,410,41635,442,0.0339581
5000,2500,460,41635,354,0.0330634
5000,2500,510,41635,310,0.0308388
6000,250,10,14827,1393,0.0151956
6000,250,60,14827,214,0.0099936
6000,250,110,14827,213,0.0094401
6000,250,160,14827,196,0.0093224
6000,250,210,14827,187,0.008555
6000,250,260,14827,55,0.0079527
6000,250,310,14827,55,0.0083809
6000,250,360,14827,55,0.0081238
6000,250,410,14827,55,0.0085208
6000,250,460,14827,55,0.00822
6000,250,510,14827,55,0.0084399
6000,500,10,17372,2917,0.0232424
6000,500,60,17372,248,0.0156787
6000,500,110,17372,247,0.0163392
6000,500,160,17372,246,0.015108
6000,500,210,17372,216,0.0144318
6000,500,260,17372,88,0.0141085
6000,500,310,17372,88,0.0142366
6000,500,360,17372,88,0.0150996
6000,500,410,17372,88,0.0139734
6000,500,460,17372,88,0.0136881
6000,500,510,17372,88,0.0138808
6000,750,10,19992,4719,0.0259257
6000,750,60,19992,285,0.0159791
6000,750,110,19992,279,0.0186629
6000,750,160,19992,279,0.0161581
6000,750,210,19992,279,0.0152999
6000,750,260,19992,235,0.0148666
6000,750,310,19992,121,0.0135957
6000,750,360,19992,121,0.013328
6000,750,410,19992,121,0.0143254
6000,750,460,19992,121,0.0134764
6000,750,510,19992,121,0.01381
6000,1000,10,22444,6331,0.0352831
6000,1000,60,22444,474,0.0239539
6000,1000,110,22444,311,0.0215782
6000,1000,160,22444,311,0.0214199
6000,1000,210,22444,310,0.0200345
6000,1000,260,22444,310,0.018445
6000,1000,310,22444,242,0.0189697
6000,1000,360,22444,152,0.0170401
6000,1000,410,22444,152,0.0172775
6000,1000,460,22444,152,0.017415
6000,1000,510,22444,152,0.016699
6000,1250,10,25946,8317,0.0443507
6000,1250,60,25946,1205,0.0241725
6000,1250,110,25946,345,0.0242119
6000,1250,160,25946,344,0.0221042
6000,1250,210,25946,344,0.0228089
6000,1250,260,25946,344,0.0222908
6000,1250,310,25946,344,0.0218987
6000,1250,360,25946,246,0.0210734
6000,1250,410,25946,186,0.0190673
6000,1250,460,25946,186,0.0184915
6000,1250,510,25946,186,0.0188865
6000,1500,10,30981,10649,0.0566923
6000,1500,60,30981,2245,0.0325445
6000,1500,110,30981,390,0.024589
6000,1500,160,30981,378,0.0287486
6000,1500,210,30981,378,0.0267733
6000,1500,260,30981,377,0.0250911
6000,1500,310,30981,377,0.025423
6000,1500,360,30981,377,0.025278
6000,1500,410,30981,219,0.0226683
6000,1500,460,30981,219,0.0225365
6000,1500,510,30981,219,0.0219848
6000,1750,10,35982,12377,0.0625047
6000,1750,60,35982,3462,0.0385765
6000,1750,110,35982,444,0.0286822
6000,1750,160,35982,412,0.0333129
6000,1750,210,35982,412,0.0318924
6000,1750,260,35982,411,0.0294918
6000,1750,310,35982,411,0.0295015
6000,1750,360,35982,411,0.0309265
6000,1750,410,35982,411,0.0296477
6000,1750,460,35982,253,0.0269149
6000,1750,510,35982,253,0.0277093
6000,2000,10,40971,13838,0.0728913
6000,2000,60,40971,4599,0.0431701
6000,2000,110,40971,626,0.0341708
6000,2000,160,40971,444,0.0336138
6000,2000,210,40971,442,0.032457
6000,2000,260,40971,443,0.0327916
6000,2000,310,40971,442,0.0333196
6000,2000,360,40971,442,0.0344991
6000,2000,410,40971,442,0.0334524
6000,2000,460,40971,336,0.0325352
6000,2000,510,40971,284,0.0304459
6000,2250,10,46132,15005,0.0799708
6000,2250,60,46132,6185,0.0508348
6000,2250,110,46132,1592,0.039322
6000,2250,160,46132,484,0.0428522
6000,2250,210,46132,483,0.0354997
6000,2250,260,46132,482,0.0372006
6000,2250,310,46132,482,0.0377423
6000,2250,360,46132,482,0.0395328
6000,2250,410,46132,482,0.0405555
6000,2250,460,46132,482,0.0386815
6000,2250,510,46132,360,0.0367403
6000,2500,10,52064,17338,0.0851805
6000,2500,60,52064,7287,0.0563746
6000,2500,110,52064,2360,0.0479217
6000,2500,160,52064,522,0.0383853
6000,2500,210,52064,516,0.0425294
6000,2500,260,52064,516,0.0425023
6000,2500,310,52064,514,0.0436724
6000,2500,360,52064,514,0.0445265
6000,2500,410,52064,514,0.0457167
6000,2500,460,52064,514,0.043301
6000,2500,510,52064,426,0.0416193
7000,250,10,17206,1511,0.0225784
7000,250,60,17206,248,0.0158255
7000,250,110,17206,247,0.0150702
7000,250,160,17206,229,0.0140405
7000,250,210,17206,223,0.0134328
7000,250,260,17206,63,0.0122978
7000,250,310,17206,63,0.0124718
7000,250,360,17206,63,0.0125375
7000,250,410,17206,63,0.0120268
7000,250,460,17206,63,0.0124894
7000,250,510,17206,63,0.0123286
7000,500,10,20137,3422,0.0270601
7000,500,60,20137,287,0.0172163
7000,500,110,20137,285,0.0186993
7000,500,160,20137,284,0.0176191
7000,500,210,20137,252,0.016986
7000,500,260,20137,242,0.0170657
7000,500,310,20137,101,0.0156349
7000,500,360,20137,101,0.0159156
7000,500,410,20137,101,0.015923
7000,500,460,20137,101,0.0168692
7000,500,510,20137,101,0.0154776
7000,750,10,23065,5394,0.0344481
7000,750,60,23065,331,0.0207579
7000,750,110,23065,322,0.020625
7000,750,160,23065,322,0.0211015
7000,750,210,23065,320,0.0196642
7000,750,260,23065,320,0.0185358
7000,750,310,23065,260,0.0180496
7000,750,360,23065,138,0.0172503
7000,750,410,23065,138,0.0173088
7000,750,460,23065,138,0.0177961
7000,750,510,23065,138,0.0171222
7000,1000,10,26090,7480,0.0413628
7000,1000,60,26090,651,0.0227453
7000,1000,110,26090,361,0.0223049
7000,1000,160,26090,361,0.0217602
7000,1000,210,26090,360,0.0226804
7000,1000,260,26090,360,0.0225143
7000,1000,310,26090,360,0.0210043
7000,1000,360,26090,281,0.0210371
7000,1000,410,26090,177,0.0204967
7000,1000,460,26090,177,0.0192783
7000,1000,510,26090,177,0.0182622
7000,1250,10,31704,10112,0.0522305
7000,1250,60,31704,1405,0.0284374
7000,1250,110,31704,398,0.0292866
7000,1250,160,31704,397,0.0233341
7000,1250,210,31704,396,0.0268781
7000,1250,260,31704,395,0.0265589
7000,1250,310,31704,395,0.0259712
7000,1250,360,31704,395,0.0253159
7000,1250,410,31704,281,0.0235261
7000,1250,460,31704,212,0.0229789
7000,1250,510,31704,212,0.022671
7000,1500,10,37415,12517,0.0652731
7000,1500,60,37415,2448,0.0345155
7000,1500,110,37415,436,0.0327348
7000,1500,160,37415,433,0.0308622
7000,1500,210,37415,432,0.0353484
7000,1500,260,37415,431,0.0325617
7000,1500,310,37415,430,0.0324926
7000,1500,360,37415,430,0.0318694
7000,1500,410,37415,431,0.0310864
7000,1500,460,37415,283,0.0292817
7000,1500,510,37415,248,0.027955
7000,1750,10,43239,14592,0.0804953
7000,1750,60,43239,4153,0.0450193
7000,1750,110,43239,526,0.0329969
7000,1750,160,43239,473,0.0340533
7000,1750,210,43239,473,0.0362488
7000,1750,260,43239,473,0.0381503
7000,1750,310,43239,472,0.0354299
7000,1750,360,43239,472,0.0364378
7000,1750,410,43239,471,0.0363026
7000,1750,460,43239,472,0.0372335
7000,1750,510,43239,289,0.0316321
7000,2000,10,49160,16468,0.0791068
7000,2000,60,49160,5645,0.0495139
7000,2000,110,49160,848,0.0396673
7000,2000,160,49160,514,0.0380284
7000,2000,210,49160,512,0.0384055
7000,2000,260,49160,512,0.0378065
7000,2000,310,49160,511,0.0421178
7000,2000,360,49160,511,0.0425806
7000,2000,410,49160,511,0.0401024
7000,2000,460,49160,511,0.0404847
7000,2000,510,49160,410,0.0402318
7000,2250,10,56416,19755,0.0967556
7000,2250,60,56416,6912,0.0573516
7000,2250,110,56416,1406,0.0478335
7000,2250,160,56416,550,0.0443185
7000,2250,210,56416,548,0.0434778
7000,2250,260,56416,547,0.0431499
7000,2250,310,56416,547,0.0453472
7000,2250,360,56416,546,0.0452214
7000,2250,410,56416,546,0.0459854
7000,2250,460,56416,546,0.0474127
7000,2250,510,56416,546,0.0472744
7000,2500,10,63586,23210,0.11469
7000,2500,60,63586,8172,0.0657346
7000,2500,110,63586,2342,0.0538693
7000,2500,160,63586,589,0.0498238
7000,2500,210,63586,586,0.0497888
7000,2500,260,63586,586,0.0475173
7000,2500,310,63586,585,0.0504468
7000,2500,360,63586,583,0.050443
7000,2500,410,63586,582,0.0511728
7000,2500,460,63586,582,0.0524538
7000,2500,510,63586,582,0.0547156
8000,250,10,19526,1621,0.0216056
8000,250,60,19526,279,0.0174759
8000,250,110,19526,278,0.0174889
8000,250,160,19526,278,0.0179261
8000,250,210,19526,257,0.0169138
8000,250,260,19526,245,0.0173688
8000,250,310,19526,69,0.0155924
8000,250,360,19526,69,0.0156149
8000,250,410,19526,69,0.0150702
8000,250,460,19526,69,0.0159353
8000,250,510,19526,69,0.0166456
8000,500,10,22808,3832,0.0294887
8000,500,60,22808,323,0.0225679
8000,500,110,22808,322,0.0216959
8000,500,160,22808,322,0.0196146
8000,500,210,22808,320,0.0191097
8000,500,260,22808,282,0.0180166
8000,500,310,22808,259,0.0197687
8000,500,360,22808,112,0.0172776
8000,500,410,22808,112,0.0169953
8000,500,460,22808,112,0.0176844
8000,500,510,22808,112,0.017047
8000,750,10,26136,6119,0.0360373
8000,750,60,26136,367,0.0246789
8000,750,110,26136,364,0.0239173
8000,750,160,26136,365,0.0236144
8000,750,210,26136,363,0.0225963
8000,750,260,26136,362,0.0227364
8000,750,310,26136,306,0.0197989
8000,750,360,26136,282,0.020744
8000,750,410,26136,154,0.0195455
8000,750,460,26136,154,0.0184321
8000,750,510,26136,154,0.0193067
8000,1000,10,30890,8783,0.0484661
8000,1000,60,30890,684,0.0303053
8000,1000,110,30890,406,0.0304678
8000,1000,160,30890,407,0.0290245
8000,1000,210,30890,405,0.0279984
8000,1000,260,30890,404,0.029573
8000,1000,310,30890,405,0.0282498
8000,1000,360,30890,341,0.0266653
8000,1000,410,30890,287,0.0263922
8000,1000,460,30890,196,0.0252992
8000,1000,510,30890,196,0.0252634
8000,1250,10,37156,11877,0.0637345
8000,1250,60,37156,1613,0.0341308
8000,1250,110,37156,447,0.0336205
8000,1250,160,37156,446,0.0320969
8000,1250,210,37156,446,0.0311379
8000,1250,260,37156,445,0.0315341
8000,1250,310,37156,444,0.0308798
8000,1250,360,37156,445,0.0324871
8000,1250,410,37156,445,0.0282255
8000,1250,460,37156,298,0.0281881
8000,1250,510,37156,236,0.0264339
8000,1500,10,43684,14398,0.0731296
8000,1500,60,43684,2976,0.0432247
8000,1500,110,43684,504,0.0381269
8000,1500,160,43684,490,0.0391689
8000,1500,210,43684,489,0.0389161
8000,1500,260,43684,489,0.0397257
8000,1500,310,43684,488,0.0387534
8000,1500,360,43684,488,0.0374523
8000,1500,410,43684,488,0.0397775
8000,1500,460,43684,488,0.0378463
8000,1500,510,43684,357,0.0341152
8000,1750,10,50689,16908,0.082222
8000,1750,60,50689,4406,0.052034
8000,1750,110,50689,560,0.0411528
8000,1750,160,50689,534,0.0387853
8000,1750,210,50689,532,0.0424903
8000,1750,260,50689,532,0.0432554
8000,1750,310,50689,531,0.0423561
8000,1750,360,50689,531,0.0447945
8000,1750,410,50689,531,0.0429368
8000,1750,460,50689,531,0.0437941
8000,1750,510,50689,531,0.0424905
8000,2000,10,58673,20674,0.0962802
8000,2000,60,58673,6062,0.0611992
8000,2000,110,58673,833,0.0462652
8000,2000,160,58673,578,0.0473156
8000,2000,210,58673,574,0.0530758
8000,2000,260,58673,574,0.0508052
8000,2000,310,58673,574,0.0525845
8000,2000,360,58673,574,0.0505447
8000,2000,410,58673,573,0.0505178
8000,2000,460,58673,573,0.0509972
8000,2000,510,58673,573,0.0496703
8000,2250,10,67145,25001,0.117397
8000,2250,60,67145,7880,0.0695865
8000,2250,110,67145,1786,0.0546055
8000,2250,160,67145,623,0.0495609
8000,2250,210,67145,618,0.051273
8000,2250,260,67145,618,0.0522143
8000,2250,310,67145,618,0.0566247
8000,2250,360,67145,618,0.0600481
8000,2250,410,67145,618,0.0550032
8000,2250,460,67145,617,0.0563246
8000,2250,510,67145,618,0.0574049
8000,2500,10,75052,28819,0.132763
8000,2500,60,75052,9148,0.0772156
8000,2500,110,75052,2541,0.0685529
8000,2500,160,75052,660,0.0648493
8000,2500,210,75052,658,0.0576679
8000,2500,260,75052,657,0.059253
8000,2500,310,75052,657,0.0591862
8000,2500,360,75052,656,0.0641161
8000,2500,410,75052,656,0.0618403
8000,2500,460,75052,655,0.0657914
8000,2500,510,75052,654,0.0636187
9000,250,10,21965,2097,0.0238357
9000,250,60,21965,316,0.0151959
9000,250,110,21965,316,0.0162258
9000,250,160,21965,315,0.0154962
9000,250,210,21965,291,0.0152273
9000,250,260,21965,286,0.0148905
9000,250,310,21965,272,0.0142395
9000,250,360,21965,78,0.0129323
9000,250,410,21965,79,0.0131891
9000,250,460,21965,79,0.012036
9000,250,510,21965,78,0.0126828
9000,500,10,25533,4415,0.0289066
9000,500,60,25533,364,0.0183642
9000,500,110,25533,362,0.0202627
9000,500,160,25533,362,0.0193401
9000,500,210,25533,361,0.0188911
9000,500,260,25533,359,0.0190491
9000,500,310,25533,307,0.0185449
9000,500,360,25533,290,0.0188893
9000,500,410,25533,125,0.0172972
9000,500,460,25533,125,0.0172538
9000,500,510,25533,125,0.016626
9000,750,10,29178,6902,0.0412405
9000,750,60,29178,416,0.0221154
9000,750,110,29178,409,0.0278043
9000,750,160,29178,409,0.0238629
9000,750,210,29178,409,0.0242146
9000,750,260,29178,407,0.0244486
9000,750,310,29178,408,0.0244483
9000,750,360,29178,343,0.0229579
9000,750,410,29178,304,0.0232576
9000,750,460,29178,172,0.0211064
9000,750,510,29178,172,0.0212828
9000,1000,10,35795,10124,0.0561392
9000,1000,60,35795,640,0.0323876
9000,1000,110,35795,453,0.0319139
9000,1000,160,35795,452,0.0323582
9000,1000,210,35795,453,0.0339353
9000,1000,260,35795,452,0.0331106
9000,1000,310,35795,451,0.0318444
9000,1000,360,35795,451,0.0308783
9000,1000,410,35795,368,0.0303698
9000,1000,460,35795,317,0.0291967
9000,1000,510,35795,215,0.0276494
9000,1250,10,43005,13506,0.0744018
9000,1250,60,43005,1964,0.0445574
9000,1250,110,43005,501,0.0369706
9000,1250,160,43005,500,0.0375847
9000,1250,210,43005,500,0.0408075
9000,1250,260,43005,500,0.0393779
9000,1250,310,43005,500,0.0405301
9000,1250,360,43005,499,0.0389728
9000,1250,410,43005,499,0.038109
9000,1250,460,43005,499,0.0382598
9000,1250,510,43005,334,0.036637
9000,1500,10,50072,16419,0.0849667
9000,1500,60,50072,3301,0.046914
9000,1500,110,50072,562,0.0393808
9000,1500,160,50072,546,0.0407418
9000,1500,210,50072,546,0.0457516
9000,1500,260,50072,544,0.04503
9000,1500,310,50072,544,0.0447142
9000,1500,360,50072,543,0.045314
9000,1500,410,50072,543,0.0455322
9000,1500,460,50072,543,0.0441255
9000,1500,510,50072,543,0.0426544
9000,1750,10,59167,20745,0.100189
9000,1750,60,59167,4963,0.0583448
9000,1750,110,59167,620,0.0450719
9000,1750,160,59167,593,0.047947
9000,1750,210,59167,593,0.047052
9000,1750,260,59167,592,0.050198
9000,1750,310,59167,592,0.0517012
9000,1750,360,59167,592,0.0506653
9000,1750,410,59167,590,0.0539758
9000,1750,460,59167,591,0.0519465
9000,1750,510,59167,591,0.0531722
9000,2000,10,68283,25288,0.120069
9000,2000,60,68283,7124,0.0735787
9000,2000,110,68283,1050,0.052645
9000,2000,160,68283,648,0.0552723
9000,2000,210,68283,645,0.0574618
9000,2000,260,68283,642,0.0609921
9000,2000,310,68283,642,0.0575386
9000,2000,360,68283,642,0.0613957
9000,2000,410,68283,642,0.0582657
9000,2000,460,68283,641,0.0619452
9000,2000,510,68283,641,0.061123
9000,2250,10,77781,30198,0.138879
9000,2250,60,77781,9455,0.0778782
9000,2250,110,77781,2404,0.0665066
9000,2250,160,77781,695,0.0612496
9000,2250,210,77781,693,0.0627029
9000,2250,260,77781,693,0.0608664
9000,2250,310,77781,693,0.0669041
9000,2250,360,77781,693,0.0649745
9000,2250,410,77781,693,0.0665989
9000,2250,460,77781,691,0.0691548
9000,2250,510,77781,692,0.0668358
9000,2500,10,88184,35679,0.159832
9000,2500,60,88184,10732,0.0872192
9000,2500,110,88184,3169,0.0811246
9000,2500,160,88184,745,0.068013
9000,2500,210,88184,736,0.069004
9000,2500,260,88184,736,0.0676988
9000,2500,310,88184,736,0.0699237
9000,2500,360,88184,736,0.0701671
9000,2500,410,88184,736,0.0726975
9000,2500,460,88184,736,0.0740755
9000,2500,510,88184,735,0.0757673
10000,250,10,24374,2270,0.0297101
10000,250,60,24374,350,0.0225859
10000,250,110,24374,349,0.0218301
10000,250,160,24374,347,0.0223855
10000,250,210,24374,348,0.0226391
10000,250,260,24374,321,0.0241907
10000,250,310,24374,311,0.0212428
10000,250,360,24374,86,0.018387
10000,250,410,24374,86,0.0179956
10000,250,460,24374,86,0.0188976
10000,250,510,24374,86,0.0185159
10000,500,10,28286,4878,0.0372113
10000,500,60,28286,400,0.0234306
10000,500,110,28286,398,0.0237525
10000,500,160,28286,398,0.0249389
10000,500,210,28286,396,0.0233102
10000,500,260,28286,397,0.022791
10000,500,310,28286,348,0.0217819
10000,500,360,28286,338,0.022203
10000,500,410,28286,136,0.0219842
10000,500,460,28286,136,0.0198
10000,500,510,28286,136,0.0202182
10000,750,10,33405,8062,0.0502594
10000,750,60,33405,460,0.0287411
10000,750,110,33405,452,0.029614
10000,750,160,33405,452,0.0321626
10000,750,210,33405,452,0.0279171
10000,750,260,33405,451,0.0296041
10000,750,310,33405,451,0.0302018
10000,750,360,33405,449,0.0289887
10000,750,410,33405,364,0.0292481
10000,750,460,33405,335,0.0274591
10000,750,510,33405,189,0.025369
10000,1000,10,40850,11767,0.0640031
10000,1000,60,40850,708,0.0371861
10000,1000,110,40850,498,0.0327317
10000,1000,160,40850,498,0.0366992
10000,1000,210,40850,498,0.0347487
10000,1000,260,40850,498,0.0364481
10000,1000,310,40850,496,0.038296
10000,1000,360,40850,497,0.0390977
10000,1000,410,40850,497,0.0346606
10000,1000,460,40850,404,0.0332957
10000,1000,510,40850,348,0.0323896
10000,1250,10,48745,15372,0.0790876
10000,1250,60,48745,2031,0.0439907
10000,1250,110,48745,553,0.0386106
10000,1250,160,48745,550,0.0413451
10000,1250,210,48745,550,0.0404006
10000,1250,260,48745,550,0.0433692
10000,1250,310,48745,550,0.0437136
10000,1250,360,48745,548,0.0440615
10000,1250,410,48745,549,0.0426072
10000,1250,460,48745,549,0.0437682
10000,1250,510,48745,550,0.0419335
10000,1500,10,57546,19561,0.103109
10000,1500,60,57546,3924,0.0584704
10000,1500,110,57546,618,0.0478957
10000,1500,160,57546,604,0.0501496
10000,1500,210,57546,604,0.0513165
10000,1500,260,57546,603,0.049269
10000,1500,310,57546,603,0.0538728
10000,1500,360,57546,603,0.0537265
10000,1500,410,57546,601,0.054292
10000,1500,460,57546,602,0.0537468
10000,1500,510,57546,602,0.0530941
10000,1750,10,67797,24814,0.126926
10000,1750,60,67797,5637,0.0664948
10000,1750,110,67797,716,0.0523911
10000,1750,160,67797,654,0.0563195
10000,1750,210,67797,655,0.0566945
10000,1750,260,67797,653,0.0611121
10000,1750,310,67797,653,0.0632837
10000,1750,360,67797,653,0.0581988
10000,1750,410,67797,653,0.0610133
10000,1750,460,67797,652,0.0637516
10000,1750,510,67797,652,0.061247
10000,2000,10,77620,29651,0.133847
10000,2000,60,77620,7707,0.0792369
10000,2000,110,77620,1015,0.0620054
10000,2000,160,77620,704,0.059951
10000,2000,210,77620,703,0.0629006
10000,2000,260,77620,703,0.0648175
10000,2000,310,77620,703,0.0659246
10000,2000,360,77620,703,0.0693667
10000,2000,410,77620,703,0.0664508
10000,2000,460,77620,702,0.0685008
10000,2000,510,77620,702,0.0678053
10000,2250,10,89869,36197,0.163151
10000,2250,60,89869,9812,0.0933392
10000,2250,110,89869,2078,0.0740392
10000,2250,160,89869,760,0.0708091
10000,2250,210,89869,758,0.0686037
10000,2250,260,89869,758,0.0702391
10000,2250,310,89869,758,0.07428
10000,2250,360,89869,758,0.0749503
10000,2250,410,89869,758,0.0780928
10000,2250,460,89869,758,0.0780963
10000,2250,510,89869,756,0.0779293
10000,2500,10,101853,42891,0.186247
10000,2500,60,101853,11942,0.102915
10000,2500,110,101853,3701,0.086929
10000,2500,160,101853,826,0.0765475
10000,2500,210,101853,814,0.0803412
10000,2500,260,101853,812,0.0798039
10000,2500,310,101853,811,0.0830879
10000,2500,360,101853,811,0.0872373
10000,2500,410,101853,811,0.0855813
10000,2500,460,101853,811,0.0893312
10000,2500,510,101853,811,0.0867662
