1000,250,10,7271,446,0.0109051
1000,250,60,7271,6,0.0080223
1000,250,110,7271,6,0.0081517
1000,250,160,7271,6,0.0083146
1000,250,210,7271,6,0.0081446
1000,250,260,7271,6,0.0079302
1000,250,310,7271,6,0.0080558
1000,250,360,7271,6,0.008275
1000,250,410,7271,6,0.0083057
1000,250,460,7271,6,0.0079064
1000,250,510,7271,6,0.0079167
1000,500,10,12531,11421,0.0411107
1000,500,60,12531,11,0.0154861
1000,500,110,12531,11,0.0153893
1000,500,160,12531,11,0.015445
1000,500,210,12531,11,0.0151914
1000,500,260,12531,11,0.0158023
1000,500,310,12531,11,0.0155155
1000,500,360,12531,11,0.0158711
1000,500,410,12531,11,0.0154571
1000,500,460,12531,11,0.0154504
1000,500,510,12531,11,0.0157516
1000,750,10,17743,16621,0.0600104
1000,750,60,17743,30,0.0245209
1000,750,110,17743,15,0.0233959
1000,750,160,17743,15,0.0237518
1000,750,210,17743,15,0.0234695
1000,750,260,17743,15,0.023471
1000,750,310,17743,15,0.023428
1000,750,360,17743,15,0.0232316
1000,750,410,17743,15,0.0238844
1000,750,460,17743,15,0.0246351
1000,750,510,17743,15,0.0233416
1000,1000,10,22969,21820,0.0869652
1000,1000,60,22969,44,0.0315099
1000,1000,110,22969,19,0.0315806
1000,1000,160,22969,19,0.0315052
1000,1000,210,22969,19,0.0315458
1000,1000,260,22969,19,0.0318313
1000,1000,310,22969,19,0.031618
1000,1000,360,22969,19,0.0316301
1000,1000,410,22969,19,0.0318375
1000,1000,460,22969,19,0.031469
1000,1000,510,22969,19,0.0311815
1000,1250,10,28175,26998,0.100508
1000,1250,60,28175,51,0.0407314
1000,1250,110,28175,23,0.0394888
1000,1250,160,28175,23,0.03932
1000,1250,210,28175,23,0.0394497
1000,1250,260,28175,23,0.0399687
1000,1250,310,28175,23,0.0395901
1000,1250,360,28175,23,0.040744
1000,1250,410,28175,23,0.040646
1000,1250,460,28175,23,0.0394121
1000,1250,510,28175,23,0.0402301
1000,1500,10,33423,32204,0.121788
1000,1500,60,33423,57,0.0496569
1000,1500,110,33423,28,0.0477652
1000,1500,160,33423,28,0.0491042
1000,1500,210,33423,28,0.0494249
1000,1500,260,33423,28,0.0478899
1000,1500,310,33423,28,0.0476404
1000,1500,360,33423,28,0.0477107
1000,1500,410,33423,28,0.0493134
1000,1500,460,33423,28,0.0472833
1000,1500,510,33423,28,0.0482115
1000,1750,10,38645,37404,0.152176
1000,1750,60,38645,61,0.0582309
1000,1750,110,38645,32,0.0547836
1000,1750,160,38645,32,0.0560849
1000,1750,210,38645,32,0.0552775
1000,1750,260,38645,32,0.0552625
1000,1750,310,38645,32,0.0578871
1000,1750,360,38645,32,0.0565032
1000,1750,410,38645,32,0.056701
1000,1750,460,38645,32,0.05446
1000,1750,510,38645,32,0.0586964
1000,2000,10,43915,42628,0.171138
1000,2000,60,43915,67,0.0643145
1000,2000,110,43915,38,0.0647028
1000,2000,160,43915,38,0.0614354
1000,2000,210,43915,38,0.063688
1000,2000,260,43915,38,0.0635338
1000,2000,310,43915,38,0.0633355
1000,2000,360,43915,38,0.0625595
1000,2000,410,43915,38,0.0620981
1000,2000,460,43915,38,0.0600522
1000,2000,510,43915,38,0.0627257
1000,2250,10,49159,47847,0.191294
1000,2250,60,49159,71,0.0734597
1000,2250,110,49159,49,0.07109
1000,2250,160,49159,42,0.0712571
1000,2250,210,49159,42,0.0707759
1000,2250,260,49159,42,0.0703639
1000,2250,310,49159,42,0.0698487
1000,2250,360,49159,42,0.067823
1000,2250,410,49159,42,0.0704061
1000,2250,460,49159,42,0.0698538
1000,2250,510,49159,42,0.0663185
1000,2500,10,55401,54063,0.220469
1000,2500,60,55401,159,0.0834803
1000,2500,110,55401,73,0.085018
1000,2500,160,55401,47,0.0790052
1000,2500,210,55401,47,0.0764254
1000,2500,260,55401,47,0.0760441
1000,2500,310,55401,47,0.0761731
1000,2500,360,55401,47,0.0776019
1000,2500,410,55401,47,0.0795005
1000,2500,460,55401,47,0.0766
1000,2500,510,55401,47,0.080818
2000,250,10,14544,842,0.0264591
2000,250,60,14544,64,0.0160239
2000,250,110,14544,11,0.0152989
2000,250,160,14544,11,0.0150886
2000,250,210,14544,11,0.0145881
2000,250,260,14544,11,0.0153149
2000,250,310,14544,11,0.0152628
2000,250,360,14544,11,0.0156773
2000,250,410,14544,11,0.0158575
2000,250,460,14544,11,0.015976
2000,250,510,14544,11,0.0156219
2000,500,10,25018,22812,0.0895489
2000,500,60,25018,78,0.0328013
2000,500,110,25018,20,0.0306272
2000,500,160,25018,20,0.0294542
2000,500,210,25018,20,0.0306645
2000,500,260,25018,20,0.0312238
2000,500,310,25018,20,0.0302765
2000,500,360,25018,20,0.0322774
2000,500,410,25018,20,0.0294207
2000,500,460,25018,20,0.0300515
2000,500,510,25018,20,0.0318692
2000,750,10,35498,33265,0.126635
2000,750,60,35498,87,0.0481668
2000,750,110,35498,29,0.046772
2000,750,160,35498,29,0.0450952
2000,750,210,35498,29,0.044271
2000,750,260,35498,29,0.0456455
2000,750,310,35498,29,0.0440766
2000,750,360,35498,29,0.0444001
2000,750,410,35498,29,0.0462031
2000,750,460,35498,29,0.0455836
2000,750,510,35498,29,0.0473303
2000,1000,10,45956,43653,0.158566
2000,1000,60,45956,96,0.0654479
2000,1000,110,45956,65,0.0644619
2000,1000,160,45956,38,0.0603812
2000,1000,210,45956,38,0.0628182
2000,1000,260,45956,38,0.0613106
2000,1000,310,45956,38,0.0626513
2000,1000,360,45956,38,0.062162
2000,1000,410,45956,38,0.0609975
2000,1000,460,45956,38,0.0603964
2000,1000,510,45956,38,0.0612158
2000,1250,10,56416,54054,0.208918
2000,1250,60,56416,105,0.0816404
2000,1250,110,56416,101,0.0822344
2000,1250,160,56416,47,0.0767526
2000,1250,210,56416,47,0.0768962
2000,1250,260,56416,47,0.077545
2000,1250,310,56416,47,0.0771947
2000,1250,360,56416,47,0.0776619
2000,1250,410,56416,47,0.0792382
2000,1250,460,56416,47,0.0772088
2000,1250,510,56416,47,0.0800707
2000,1500,10,66902,64470,0.241647
2000,1500,60,66902,114,0.0984054
2000,1500,110,66902,112,0.100286
2000,1500,160,66902,56,0.0993188
2000,1500,210,66902,56,0.096297
2000,1500,260,66902,56,0.0974477
2000,1500,310,66902,56,0.0928228
2000,1500,360,66902,56,0.093238
2000,1500,410,66902,56,0.0911035
2000,1500,460,66902,56,0.0916334
2000,1500,510,66902,56,0.0945368
2000,1750,10,77368,74868,0.28934
2000,1750,60,77368,123,0.113976
2000,1750,110,77368,121,0.117429
2000,1750,160,77368,67,0.112666
2000,1750,210,77368,65,0.11091
2000,1750,260,77368,65,0.109178
2000,1750,310,77368,65,0.110908
2000,1750,360,77368,65,0.106802
2000,1750,410,77368,65,0.107714
2000,1750,460,77368,65,0.132361
2000,1750,510,77368,65,0.108195
2000,2000,10,87854,85304,0.333849
2000,2000,60,87854,132,0.13041
2000,2000,110,87854,131,0.148358
2000,2000,160,87854,89,0.129907
2000,2000,210,87854,74,0.123266
2000,2000,260,87854,74,0.126279
2000,2000,310,87854,74,0.135406
2000,2000,360,87854,74,0.125545
2000,2000,410,87854,74,0.129551
2000,2000,460,87854,74,0.124187
2000,2000,510,87854,74,0.126921
2000,2250,10,98346,95710,0.381729
2000,2250,60,98346,142,0.148863
2000,2250,110,98346,141,0.149707
2000,2250,160,98346,111,0.149267
2000,2250,210,98346,84,0.143077
2000,2250,260,98346,84,0.14422
2000,2250,310,98346,84,0.142083
2000,2250,360,98346,84,0.142711
2000,2250,410,98346,84,0.142239
2000,2250,460,98346,84,0.14436
2000,2250,510,98346,84,0.141159
2000,2500,10,110790,108103,0.413315
2000,2500,60,110790,189,0.168071
2000,2500,110,110790,150,0.165934
2000,2500,160,110790,146,0.167133
2000,2500,210,110790,92,0.160271
2000,2500,260,110790,92,0.15892
2000,2500,310,110790,92,0.160001
2000,2500,360,110790,92,0.162155
2000,2500,410,110790,92,0.159894
2000,2500,460,110790,92,0.158056
2000,2500,510,110790,92,0.15687
3000,250,10,21814,1277,0.040735
3000,250,60,21814,101,0.0251571
3000,250,110,21814,16,0.0233244
3000,250,160,21814,15,0.0231295
3000,250,210,21814,15,0.022188
3000,250,260,21814,15,0.0222686
3000,250,310,21814,15,0.0228873
3000,250,360,21814,15,0.0239554
3000,250,410,21814,15,0.0232061
3000,250,460,21814,15,0.0235763
3000,250,510,21814,15,0.0230281
3000,500,10,37516,34193,0.129571
3000,500,60,37516,115,0.0487242
3000,500,110,37516,95,0.0478575
3000,500,160,37516,29,0.046385
3000,500,210,37516,29,0.0465289
3000,500,260,37516,29,0.0462534
3000,500,310,37516,29,0.0468477
3000,500,360,37516,29,0.0462026
3000,500,410,37516,29,0.046341
3000,500,460,37516,29,0.0456031
3000,500,510,37516,29,0.0466763
3000,750,10,53284,49905,0.189187
3000,750,60,53284,130,0.0734223
3000,750,110,53284,129,0.0749501
3000,750,160,53284,44,0.0705372
3000,750,210,53284,44,0.0703932
3000,750,260,53284,44,0.0728955
3000,750,310,53284,44,0.0695114
3000,750,360,53284,44,0.070985
3000,750,410,53284,44,0.0705879
3000,750,460,53284,44,0.0705857
3000,750,510,53284,44,0.067818
3000,1000,10,68940,65478,0.249723
3000,1000,60,68940,142,0.097956
3000,1000,110,68940,142,0.0987506
3000,1000,160,68940,81,0.0985241
3000,1000,210,68940,56,0.0936098
3000,1000,260,68940,56,0.0926224
3000,1000,310,68940,56,0.0925967
3000,1000,360,68940,56,0.0940259
3000,1000,410,68940,56,0.0969648
3000,1000,460,68940,56,0.0957215
3000,1000,510,68940,56,0.0936353
3000,1250,10,84620,81075,0.326005
3000,1250,60,84620,155,0.12151
3000,1250,110,84620,155,0.126891
3000,1250,160,84620,115,0.126798
3000,1250,210,84620,69,0.118477
3000,1250,260,84620,69,0.122413
3000,1250,310,84620,69,0.117227
3000,1250,360,84620,69,0.11834
3000,1250,410,84620,69,0.116945
3000,1250,460,84620,69,0.11318
3000,1250,510,84620,69,0.11427
3000,1500,10,100350,96712,0.375993
3000,1500,60,100350,169,0.148247
3000,1500,110,100350,169,0.150895
3000,1500,160,100350,163,0.150714
3000,1500,210,100350,83,0.144047
3000,1500,260,100350,83,0.137455
3000,1500,310,100350,83,0.139842
3000,1500,360,100350,83,0.141507
3000,1500,410,100350,83,0.141942
3000,1500,460,100350,83,0.142721
3000,1500,510,100350,83,0.144182
3000,1750,10,116082,112328,0.463624
3000,1750,60,116082,183,0.172933
3000,1750,110,116082,183,0.172786
3000,1750,160,116082,179,0.174998
3000,1750,210,116082,109,0.175354
3000,1750,260,116082,97,0.171137
3000,1750,310,116082,97,0.167511
3000,1750,360,116082,97,0.169201
3000,1750,410,116082,97,0.162999
3000,1750,460,116082,97,0.168223
3000,1750,510,116082,97,0.169527
3000,2000,10,131782,127952,0.532096
3000,2000,60,131782,197,0.204611
3000,2000,110,131782,197,0.203131
3000,2000,160,131782,194,0.203955
3000,2000,210,131782,138,0.203107
3000,2000,260,131782,111,0.187379
3000,2000,310,131782,111,0.191734
3000,2000,360,131782,111,0.19762
3000,2000,410,131782,111,0.195064
3000,2000,460,131782,111,0.190636
3000,2000,510,131782,111,0.19685
3000,2250,10,147508,143567,0.583127
3000,2250,60,147508,211,0.230692
3000,2250,110,147508,211,0.223502
3000,2250,160,147508,209,0.231054
3000,2250,210,147508,166,0.229657
3000,2250,260,147508,125,0.222176
3000,2250,310,147508,125,0.215157
3000,2250,360,147508,125,0.213571
3000,2250,410,147508,125,0.216718
3000,2250,460,147508,125,0.215312
3000,2250,510,147508,125,0.220788
3000,2500,10,167186,162425,0.648455
3000,2500,60,167186,305,0.24791
3000,2500,110,167186,225,0.250702
3000,2500,160,167186,223,0.255888
3000,2500,210,167186,219,0.255324
3000,2500,260,167186,150,0.253143
3000,2500,310,167186,139,0.237979
3000,2500,360,167186,139,0.240934
3000,2500,410,167186,139,0.251079
3000,2500,460,167186,139,0.240198
3000,2500,510,167186,139,0.239792
4000,250,10,29119,1776,0.0447108
4000,250,60,29119,136,0.0331217
4000,250,110,29119,125,0.0327998
4000,250,160,29119,21,0.0302918
4000,250,210,29119,21,0.0299626
4000,250,260,29119,21,0.0302199
4000,250,310,29119,21,0.0314122
4000,250,360,29119,21,0.0311312
4000,250,410,29119,21,0.0310549
4000,250,460,29119,21,0.0316947
4000,250,510,29119,21,0.0317305
4000,500,10,50021,45636,0.170828
4000,500,60,50021,153,0.0652782
4000,500,110,50021,153,0.0666764
4000,500,160,50021,104,0.0668448
4000,500,210,50021,38,0.0610547
4000,500,260,50021,38,0.0616291
4000,500,310,50021,38,0.0606364
4000,500,360,50021,38,0.0614565
4000,500,410,50021,38,0.0623818
4000,500,460,50021,38,0.0622782
4000,500,510,50021,38,0.0620408
4000,750,10,70997,66517,0.24549
4000,750,60,70997,172,0.0992284
4000,750,110,70997,172,0.0977642
4000,750,160,70997,141,0.0960996
4000,750,210,70997,57,0.0948392
4000,750,260,70997,57,0.0956809
4000,750,310,70997,57,0.0959587
4000,750,360,70997,57,0.0937672
4000,750,410,70997,57,0.0956435
4000,750,460,70997,57,0.0953921
4000,750,510,70997,57,0.0940849
4000,1000,10,91903,87309,0.339584
4000,1000,60,91903,189,0.129685
4000,1000,110,91903,189,0.134213
4000,1000,160,91903,180,0.131713
4000,1000,210,91903,90,0.130163
4000,1000,260,91903,74,0.126853
4000,1000,310,91903,74,0.126887
4000,1000,360,91903,74,0.124739
4000,1000,410,91903,74,0.124145
4000,1000,460,91903,74,0.123761
4000,1000,510,91903,74,0.118493
4000,1250,10,112871,108143,0.451779
4000,1250,60,112871,208,0.164953
4000,1250,110,112871,208,0.173516
4000,1250,160,112871,206,0.16762
4000,1250,210,112871,145,0.170048
4000,1250,260,112871,93,0.162969
4000,1250,310,112871,93,0.165514
4000,1250,360,112871,93,0.159694
4000,1250,410,112871,93,0.163248
4000,1250,460,112871,93,0.161743
4000,1250,510,112871,93,0.160735
4000,1500,10,133825,128968,0.507185
4000,1500,60,133825,226,0.200217
4000,1500,110,133825,226,0.200612
4000,1500,160,133825,225,0.204076
4000,1500,210,133825,215,0.20284
4000,1500,260,133825,111,0.192334
4000,1500,310,133825,111,0.193436
4000,1500,360,133825,111,0.193776
4000,1500,410,133825,111,0.193822
4000,1500,460,133825,111,0.189618
4000,1500,510,133825,111,0.189785
4000,1750,10,155065,149860,0.618264
4000,1750,60,155065,246,0.237267
4000,1750,110,155065,246,0.237999
4000,1750,160,155065,245,0.238862
4000,1750,210,155065,240,0.240801
4000,1750,260,155065,155,0.236293
4000,1750,310,155065,131,0.229224
4000,1750,360,155065,131,0.224405
4000,1750,410,155065,131,0.228352
4000,1750,460,155065,131,0.225008
4000,1750,510,155065,131,0.22635
4000,2000,10,177541,171058,0.672394
4000,2000,60,177541,263,0.297036
4000,2000,110,177541,263,0.267794
4000,2000,160,177541,262,0.275396
4000,2000,210,177541,259,0.276718
4000,2000,260,177541,201,0.275215
4000,2000,310,177541,148,0.255276
4000,2000,360,177541,148,0.253147
4000,2000,410,177541,148,0.256508
4000,2000,460,177541,148,0.247219
4000,2000,510,177541,148,0.251795
4000,2250,10,200177,192298,0.748687
4000,2250,60,200177,282,0.300288
4000,2250,110,200177,282,0.305766
4000,2250,160,200177,282,0.303512
4000,2250,210,200177,278,0.306365
4000,2250,260,200177,224,0.313579
4000,2250,310,200177,182,0.311021
4000,2250,360,200177,167,0.289976
4000,2250,410,200177,167,0.292803
4000,2250,460,200177,167,0.296233
4000,2250,510,200177,167,0.289826
4000,2500,10,226575,217464,0.830183
4000,2500,60,226575,456,0.335628
4000,2500,110,226575,299,0.335987
4000,2500,160,226575,299,0.343582
4000,2500,210,226575,296,0.344897
4000,2500,260,226575,292,0.347772
4000,2500,310,226575,216,0.351012
4000,2500,360,226575,184,0.328176
4000,2500,410,226575,184,0.326538
4000,2500,460,226575,184,0.327697
4000,2500,510,226575,184,0.326634
5000,250,10,36370,2172,0.0636732
5000,250,60,36370,169,0.0415741
5000,250,110,36370,168,0.0439648
5000,250,160,36370,146,0.0424767
5000,250,210,36370,25,0.0426982
5000,250,260,36370,25,0.0374821
5000,250,310,36370,25,0.036997
5000,250,360,36370,25,0.0384565
5000,250,410,36370,25,0.0406934
5000,250,460,36370,25,0.0376067
5000,250,510,36370,25,0.0374106
5000,500,10,62514,57016,0.215318
5000,500,60,62514,191,0.0818373
5000,500,110,62514,191,0.0823885
5000,500,160,62514,167,0.0834202
5000,500,210,62514,47,0.0760487
5000,500,260,62514,47,0.0760259
5000,500,310,62514,47,0.0752993
5000,500,360,62514,47,0.0764165
5000,500,410,62514,47,0.0737139
5000,500,460,62514,47,0.0762308
5000,500,510,62514,47,0.0759042
5000,750,10,88734,83141,0.301683
5000,750,60,88734,214,0.122739
5000,750,110,88734,214,0.125735
5000,750,160,88734,214,0.125029
5000,750,210,88734,157,0.125769
5000,750,260,88734,70,0.114387
5000,750,310,88734,70,0.114747
5000,750,360,88734,70,0.1207
5000,750,410,88734,70,0.115688
5000,750,460,88734,70,0.113571
5000,750,510,88734,70,0.114028
5000,1000,10,114860,109099,0.414204
5000,1000,60,114860,236,0.161912
5000,1000,110,114860,236,0.165476
5000,1000,160,114860,236,0.171387
5000,1000,210,114860,191,0.170581
5000,1000,260,114860,92,0.15768
5000,1000,310,114860,92,0.152121
5000,1000,360,114860,92,0.156256
5000,1000,410,114860,92,0.153747
5000,1000,460,114860,92,0.151906
5000,1000,510,114860,92,0.153877
5000,1250,10,141066,135152,0.512436
5000,1250,60,141066,259,0.208712
5000,1250,110,141066,259,0.211484
5000,1250,160,141066,259,0.212701
5000,1250,210,141066,252,0.216136
5000,1250,260,141066,172,0.214266
5000,1250,310,141066,115,0.191608
5000,1250,360,141066,115,0.193501
5000,1250,410,141066,115,0.193502
5000,1250,460,141066,115,0.19421
5000,1250,510,141066,115,0.189286
5000,1500,10,168298,161426,0.628854
5000,1500,60,168298,283,0.248281
5000,1500,110,168298,283,0.252783
5000,1500,160,168298,283,0.254202
5000,1500,210,168298,279,0.257309
5000,1500,260,168298,213,0.270357
5000,1500,310,168298,148,0.245839
5000,1500,360,168298,139,0.242008
5000,1500,410,168298,139,0.24176
5000,1500,460,168298,139,0.239185
5000,1500,510,168298,139,0.24309
5000,1750,10,196488,187962,0.729589
5000,1750,60,196488,306,0.288777
5000,1750,110,196488,306,0.297127
5000,1750,160,196488,306,0.302744
5000,1750,210,196488,303,0.308963
5000,1750,260,196488,298,0.306199
5000,1750,310,196488,197,0.304386
5000,1750,360,196488,162,0.278248
5000,1750,410,196488,162,0.280542
5000,1750,460,196488,162,0.276392
5000,1750,510,196488,162,0.284686
5000,2000,10,224556,214450,0.846168
5000,2000,60,224556,328,0.336083
5000,2000,110,224556,328,0.337508
5000,2000,160,224556,328,0.341929
5000,2000,210,224556,326,0.351786
5000,2000,260,224556,322,0.350177
5000,2000,310,224556,251,0.358492
5000,2000,360,224556,192,0.339882
5000,2000,410,224556,184,0.320133
5000,2000,460,224556,184,0.323986
5000,2000,510,224556,184,0.325128
5000,2250,10,252880,241006,0.950448
5000,2250,60,252880,352,0.377561
5000,2250,110,252880,352,0.380501
5000,2250,160,252880,352,0.390605
5000,2250,210,252880,350,0.392801
5000,2250,260,252880,347,0.39965
5000,2250,310,252880,283,0.397744
5000,2250,360,252880,240,0.395368
5000,2250,410,252880,208,0.371502
5000,2250,460,252880,208,0.362973
5000,2250,510,252880,208,0.361399
5000,2500,10,285972,272534,1.05197
5000,2500,60,285972,652,0.422301
5000,2500,110,285972,374,0.431565
5000,2500,160,285972,374,0.436247
5000,2500,210,285972,373,0.435123
5000,2500,260,285972,370,0.447389
5000,2500,310,285972,365,0.455277
5000,2500,360,285972,279,0.458594
5000,2500,410,285972,241,0.426267
5000,2500,460,285972,230,0.412492
5000,2500,510,285972,230,0.411582
6000,250,10,43677,2659,0.0669703
6000,250,60,43677,203,0.0495233
6000,250,110,43677,203,0.051554
6000,250,160,43677,187,0.0517467
6000,250,210,43677,111,0.0530326
6000,250,260,43677,30,0.0475927
6000,250,310,43677,30,0.0476484
6000,250,360,43677,30,0.045918
6000,250,410,43677,30,0.0461571
6000,250,460,43677,30,0.043975
6000,250,510,43677,30,0.0453605
6000,500,10,75061,68462,0.252652
6000,500,60,75061,230,0.0978461
6000,500,110,75061,230,0.100441
6000,500,160,75061,229,0.0994058
6000,500,210,75061,186,0.10143
6000,500,260,75061,57,0.0913277
6000,500,310,75061,57,0.0934843
6000,500,360,75061,57,0.0943228
6000,500,410,75061,57,0.095479
6000,500,460,75061,57,0.0909298
6000,500,510,75061,57,0.0904589
6000,750,10,106507,99788,0.376823
6000,750,60,106507,258,0.146492
6000,750,110,106507,258,0.151936
6000,750,160,106507,258,0.153918
6000,750,210,106507,215,0.15023
6000,750,260,106507,170,0.152209
6000,750,310,106507,85,0.13822
6000,750,360,106507,85,0.139336
6000,750,410,106507,85,0.139832
6000,750,460,106507,85,0.139433
6000,750,510,106507,85,0.140087
6000,1000,10,137819,130932,0.513595
6000,1000,60,137819,283,0.196288
6000,1000,110,137819,283,0.199597
6000,1000,160,137819,283,0.204648
6000,1000,210,137819,281,0.207925
6000,1000,260,137819,221,0.206895
6000,1000,310,137819,110,0.182161
6000,1000,360,137819,110,0.189375
6000,1000,410,137819,110,0.189998
6000,1000,460,137819,110,0.1874
6000,1000,510,137819,110,0.223465
6000,1250,10,170151,162375,0.622455
6000,1250,60,170151,311,0.250778
6000,1250,110,170151,311,0.254528
6000,1250,160,170151,311,0.259083
6000,1250,210,170151,310,0.262672
6000,1250,260,170151,300,0.260029
6000,1250,310,170151,197,0.258678
6000,1250,360,170151,138,0.239553
6000,1250,410,170151,138,0.240074
6000,1250,460,170151,138,0.240226
6000,1250,510,170151,138,0.236808
6000,1500,10,203997,194215,0.803793
6000,1500,60,203997,338,0.30061
6000,1500,110,203997,338,0.306878
6000,1500,160,203997,338,0.304556
6000,1500,210,203997,337,0.309442
6000,1500,260,203997,332,0.320091
6000,1500,310,203997,252,0.315845
6000,1500,360,203997,183,0.307351
6000,1500,410,203997,165,0.28857
6000,1500,460,203997,165,0.291686
6000,1500,510,203997,165,0.307123
6000,1750,10,237845,226047,0.862729
6000,1750,60,237845,366,0.350049
6000,1750,110,237845,366,0.356312
6000,1750,160,237845,366,0.362896
6000,1750,210,237845,366,0.372767
6000,1750,260,237845,361,0.373141
6000,1750,310,237845,355,0.380782
6000,1750,360,237845,243,0.376019
6000,1750,410,237845,193,0.342966
6000,1750,460,237845,193,0.343854
6000,1750,510,237845,193,0.350441
6000,2000,10,271649,257869,1.00064
6000,2000,60,271649,393,0.403306
6000,2000,110,271649,393,0.40732
6000,2000,160,271649,393,0.414521
6000,2000,210,271649,393,0.421013
6000,2000,260,271649,389,0.428656
6000,2000,310,271649,385,0.424942
6000,2000,360,271649,301,0.436468
6000,2000,410,271649,240,0.424197
6000,2000,460,271649,220,0.397214
6000,2000,510,271649,220,0.396503
6000,2250,10,305587,289764,1.14215
6000,2250,60,305587,421,0.46148
6000,2250,110,305587,421,0.467285
6000,2250,160,305587,421,0.467295
6000,2250,210,305587,421,0.476678
6000,2250,260,305587,418,0.480663
6000,2250,310,305587,414,0.485773
6000,2250,360,305587,397,0.49794
6000,2250,410,305587,297,0.492419
6000,2250,460,305587,255,0.473838
6000,2250,510,305587,248,0.442566
6000,2500,10,346407,328090,1.25026
6000,2500,60,346407,756,0.512588
6000,2500,110,346407,449,0.52231
6000,2500,160,346407,449,0.524479
6000,2500,210,346407,449,0.537306
6000,2500,260,346407,447,0.549705
6000,2500,310,346407,443,0.542123
6000,2500,360,346407,439,0.54897
6000,2500,410,346407,356,0.555529
6000,2500,460,346407,304,0.53274
6000,2500,510,346407,276,0.503372
7000,250,10,50943,3077,0.0856689
7000,250,60,50943,236,0.0585373
7000,250,110,50943,235,0.0589708
7000,250,160,50943,218,0.0564023
7000,250,210,50943,211,0.0623357
7000,250,260,50943,35,0.051152
7000,250,310,50943,35,0.0532459
7000,250,360,50943,35,0.053064
7000,250,410,50943,35,0.0519453
7000,250,460,50943,35,0.0544134
7000,250,510,50943,35,0.0521023
7000,500,10,87601,79881,0.305985
7000,500,60,87601,268,0.115505
7000,500,110,87601,268,0.11633
7000,500,160,87601,267,0.116464
7000,500,210,87601,234,0.115925
7000,500,260,87601,200,0.121101
7000,500,310,87601,67,0.105137
7000,500,360,87601,67,0.108684
7000,500,410,87601,67,0.108938
7000,500,460,87601,67,0.107846
7000,500,510,87601,67,0.106107
7000,750,10,124267,116424,0.456039
7000,750,60,124267,300,0.174734
7000,750,110,124267,300,0.179777
7000,750,160,124267,300,0.179233
7000,750,210,124267,299,0.183511
7000,750,260,124267,245,0.183326
7000,750,310,124267,158,0.177612
7000,750,360,124267,99,0.159655
7000,750,410,124267,99,0.163438
7000,750,460,124267,99,0.16159
7000,750,510,124267,99,0.161265
7000,1000,10,161017,152825,0.582957
7000,1000,60,161017,331,0.230619
7000,1000,110,161017,331,0.264119
7000,1000,160,161017,331,0.239012
7000,1000,210,161017,330,0.242939
7000,1000,260,161017,316,0.245328
7000,1000,310,161017,240,0.243431
7000,1000,360,161017,130,0.215857
7000,1000,410,161017,130,0.229531
7000,1000,460,161017,130,0.217556
7000,1000,510,161017,130,0.222316
7000,1250,10,200387,189902,0.731403
7000,1250,60,200387,362,0.287609
7000,1250,110,200387,362,0.297691
7000,1250,160,200387,362,0.298397
7000,1250,210,200387,362,0.302296
7000,1250,260,200387,358,0.308069
7000,1250,310,200387,348,0.304648
7000,1250,360,200387,225,0.311798
7000,1250,410,200387,161,0.280057
7000,1250,460,200387,161,0.279731
7000,1250,510,200387,161,0.280678
7000,1500,10,239849,227061,0.888377
7000,1500,60,239849,394,0.353341
7000,1500,110,239849,394,0.359391
7000,1500,160,239849,394,0.363665
7000,1500,210,239849,394,0.367132
7000,1500,260,239849,390,0.372357
7000,1500,310,239849,384,0.391034
7000,1500,360,239849,295,0.384977
7000,1500,410,239849,218,0.364809
7000,1500,460,239849,193,0.34758
7000,1500,510,239849,193,0.347884
7000,1750,10,279353,264198,1.01994
7000,1750,60,279353,426,0.414001
7000,1750,110,279353,426,0.416621
7000,1750,160,279353,426,0.429648
7000,1750,210,279353,426,0.438114
7000,1750,260,279353,424,0.44037
7000,1750,310,279353,419,0.433621
7000,1750,360,279353,410,0.445126
7000,1750,410,279353,288,0.440099
7000,1750,460,279353,228,0.40394
7000,1750,510,279353,225,0.405547
7000,2000,10,318975,301416,1.17371
7000,2000,60,318975,459,0.472356
7000,2000,110,318975,459,0.485045
7000,2000,160,318975,459,0.48802
7000,2000,210,318975,459,0.493673
7000,2000,260,318975,458,0.497509
7000,2000,310,318975,453,0.506844
7000,2000,360,318975,448,0.52452
7000,2000,410,318975,352,0.523535
7000,2000,460,318975,293,0.525443
7000,2000,510,318975,258,0.459584
7000,2250,10,359999,339282,1.3744
7000,2250,60,359999,491,0.534269
7000,2250,110,359999,491,0.547336
7000,2250,160,359999,491,0.548744
7000,2250,210,359999,491,0.563119
7000,2250,260,359999,490,0.564138
7000,2250,310,359999,487,0.574886
7000,2250,360,359999,482,0.575865
7000,2250,410,359999,464,0.58116
7000,2250,460,359999,354,0.590032
7000,2250,510,359999,310,0.569674
7000,2500,10,407895,384151,1.49119
7000,2500,60,407895,986,0.601464
7000,2500,110,407895,523,0.608019
7000,2500,160,407895,523,0.615419
7000,2500,210,407895,523,0.629453
7000,2500,260,407895,523,0.649736
7000,2500,310,407895,519,0.639505
7000,2500,360,407895,516,0.644537
7000,2500,410,407895,511,0.661071
7000,2500,460,407895,416,0.666219
7000,2500,510,407895,369,0.666995
8000,250,10,58186,3515,0.0868271
8000,250,60,58186,269,0.0669829
8000,250,110,58186,269,0.0683748
8000,250,160,58186,268,0.067767
8000,250,210,58186,244,0.0714873
8000,250,260,58186,224,0.0713033
8000,250,310,58186,39,0.0612993
8000,250,360,58186,39,0.0629365
8000,250,410,58186,39,0.0602477
8000,250,460,58186,39,0.060212
8000,250,510,58186,39,0.0644627
8000,500,10,100072,91255,0.356009
8000,500,60,100072,305,0.130115
8000,500,110,100072,305,0.133024
8000,500,160,100072,304,0.133579
8000,500,210,100072,304,0.136585
8000,500,260,100072,255,0.141458
8000,500,310,100072,186,0.133316
8000,500,360,100072,75,0.123611
8000,500,410,100072,75,0.125059
8000,500,460,100072,75,0.119976
8000,500,510,100072,75,0.121539
8000,750,10,141998,133050,0.497744
8000,750,60,141998,342,0.196567
8000,750,110,141998,342,0.201436
8000,750,160,141998,342,0.201859
8000,750,210,141998,341,0.208718
8000,750,260,141998,339,0.205812
8000,750,310,141998,262,0.210143
8000,750,360,141998,126,0.192135
8000,750,410,141998,112,0.186909
8000,750,460,141998,112,0.190955
8000,750,510,141998,112,0.184385
8000,1000,10,185408,174981,0.704526
8000,1000,60,185408,377,0.266698
8000,1000,110,185408,377,0.27115
8000,1000,160,185408,377,0.282768
8000,1000,210,185408,377,0.279512
8000,1000,260,185408,376,0.285663
8000,1000,310,185408,354,0.293952
8000,1000,360,185408,260,0.289693
8000,1000,410,185408,147,0.251298
8000,1000,460,185408,147,0.247117
8000,1000,510,185408,147,0.25023
8000,1250,10,230362,217344,0.840419
8000,1250,60,230362,412,0.335403
8000,1250,110,230362,412,0.339709
8000,1250,160,230362,412,0.349054
8000,1250,210,230362,412,0.349956
8000,1250,260,230362,412,0.360003
8000,1250,310,230362,405,0.361746
8000,1250,360,230362,325,0.358422
8000,1250,410,230362,251,0.356455
8000,1250,460,230362,182,0.323027
8000,1250,510,230362,182,0.319273
8000,1500,10,275518,259798,1.00791
8000,1500,60,275518,449,0.402733
8000,1500,110,275518,449,0.410931
8000,1500,160,275518,449,0.414762
8000,1500,210,275518,449,0.425409
8000,1500,260,275518,449,0.427035
8000,1500,310,275518,444,0.443032
8000,1500,360,275518,436,0.439814
8000,1500,410,275518,332,0.451615
8000,1500,460,275518,251,0.432461
8000,1500,510,275518,219,0.399772
8000,1750,10,321108,302475,1.14447
8000,1750,60,321108,488,0.479496
8000,1750,110,321108,488,0.480949
8000,1750,160,321108,488,0.540829
8000,1750,210,321108,488,0.499585
8000,1750,260,321108,488,0.499591
8000,1750,310,321108,485,0.515314
8000,1750,360,321108,479,0.525513
8000,1750,410,321108,466,0.517324
8000,1750,460,321108,333,0.521095
8000,1750,510,321108,275,0.487398
8000,2000,10,367732,345658,1.35668
8000,2000,60,367732,524,0.538726
8000,2000,110,367732,524,0.552503
8000,2000,160,367732,524,0.563179
8000,2000,210,367732,524,0.570204
8000,2000,260,367732,524,0.578231
8000,2000,310,367732,522,0.586691
8000,2000,360,367732,517,0.595347
8000,2000,410,367732,511,0.604844
8000,2000,460,367732,402,0.604393
8000,2000,510,367732,347,0.59841
8000,2250,10,414718,388961,1.54927
8000,2250,60,414718,561,0.607836
8000,2250,110,414718,561,0.622361
8000,2250,160,414718,561,0.630051
8000,2250,210,414718,561,0.642676
8000,2250,260,414718,561,0.65734
8000,2250,310,414718,559,0.666907
8000,2250,360,414718,554,0.671332
8000,2250,410,414718,551,0.691877
8000,2250,460,414718,533,0.688396
8000,2250,510,414718,414,0.68845
8000,2500,10,469374,440212,1.73523
8000,2500,60,469374,1129,0.688948
8000,2500,110,469374,597,0.691957
8000,2500,160,469374,597,0.705102
8000,2500,210,469374,597,0.708986
8000,2500,260,469374,597,0.730618
8000,2500,310,469374,595,0.740802
8000,2500,360,469374,593,0.759353
8000,2500,410,469374,588,0.772518
8000,2500,460,469374,583,0.777678
8000,2500,510,469374,476,0.780992
9000,250,10,65482,4040,0.089662
9000,250,60,65482,304,0.0746542
9000,250,110,65482,304,0.0763519
9000,250,160,65482,303,0.0776686
9000,250,210,65482,281,0.0793936
9000,250,260,65482,272,0.0811284
9000,250,310,65482,158,0.0764731
9000,250,360,65482,44,0.0691056
9000,250,410,65482,44,0.070324
9000,250,460,65482,44,0.0722973
9000,250,510,65482,44,0.0663321
9000,500,10,112594,102691,0.374535
9000,500,60,112594,345,0.149278
9000,500,110,112594,345,0.151164
9000,500,160,112594,345,0.154027
9000,500,210,112594,344,0.154698
9000,500,260,112594,301,0.158781
9000,500,310,112594,277,0.154609
9000,500,360,112594,85,0.13755
9000,500,410,112594,85,0.140963
9000,500,460,112594,85,0.136337
9000,500,510,112594,85,0.137344
9000,750,10,159738,149666,0.582767
9000,750,60,159738,386,0.220905
9000,750,110,159738,386,0.223822
9000,750,160,159738,386,0.23119
9000,750,210,159738,386,0.234995
9000,750,260,159738,385,0.240225
9000,750,310,159738,319,0.241193
9000,750,360,159738,283,0.24537
9000,750,410,159738,126,0.211951
9000,750,460,159738,126,0.212305
9000,750,510,159738,126,0.211537
9000,1000,10,209964,197174,0.753721
9000,1000,60,209964,425,0.301965
9000,1000,110,209964,425,0.306042
9000,1000,160,209964,425,0.310625
9000,1000,210,209964,425,0.368409
9000,1000,260,209964,424,0.323426
9000,1000,310,209964,421,0.323545
9000,1000,360,209964,343,0.329022
9000,1000,410,209964,281,0.327972
9000,1000,460,209964,165,0.290063
9000,1000,510,209964,165,0.291542
9000,1250,10,260648,244919,0.942409
9000,1250,60,260648,465,0.380036
9000,1250,110,260648,465,0.383531
9000,1250,160,260648,465,0.390845
9000,1250,210,260648,465,0.395861
9000,1250,260,260648,465,0.406146
9000,1250,310,260648,462,0.413958
9000,1250,360,260648,452,0.416606
9000,1250,410,260648,354,0.415585
9000,1250,460,260648,282,0.408332
9000,1250,510,260648,205,0.367233
9000,1500,10,311278,292585,1.12481
9000,1500,60,311278,505,0.458384
9000,1500,110,311278,505,0.46287
9000,1500,160,311278,505,0.471623
9000,1500,210,311278,505,0.478851
9000,1500,260,311278,505,0.483835
9000,1500,310,311278,504,0.494466
9000,1500,360,311278,498,0.500811
9000,1500,410,311278,489,0.50292
9000,1500,460,311278,375,0.513334
9000,1500,510,311278,290,0.494709
9000,1750,10,363864,341225,1.3215
9000,1750,60,363864,549,0.52798
9000,1750,110,363864,549,0.539915
9000,1750,160,363864,549,0.557617
9000,1750,210,363864,549,0.564053
9000,1750,260,363864,549,0.566102
9000,1750,310,363864,548,0.57737
9000,1750,360,363864,543,0.605455
9000,1750,410,363864,538,0.691765
9000,1750,460,363864,521,0.599351
9000,1750,510,363864,374,0.590643
9000,2000,10,416458,389856,1.5218
9000,2000,60,416458,590,0.606564
9000,2000,110,416458,590,0.62335
9000,2000,160,416458,590,0.631459
9000,2000,210,416458,590,0.63793
9000,2000,260,416458,590,0.659536
9000,2000,310,416458,590,0.665061
9000,2000,360,416458,586,0.674159
9000,2000,410,416458,581,0.685623
9000,2000,460,416458,575,0.698636
9000,2000,510,416458,453,0.697094
9000,2250,10,469358,438631,1.75203
9000,2250,60,469358,632,0.688562
9000,2250,110,469358,632,0.697508
9000,2250,160,469358,632,0.715263
9000,2250,210,469358,632,0.722111
9000,2250,260,469358,632,0.733993
9000,2250,310,469358,632,0.746415
9000,2250,360,469358,629,0.756727
9000,2250,410,469358,624,0.771309
9000,2250,460,469358,620,0.790128
9000,2250,510,469358,606,0.79469
9000,2500,10,532434,497055,1.91108
9000,2500,60,532434,1631,0.793301
9000,2500,110,532434,674,0.777292
9000,2500,160,532434,674,0.800994
9000,2500,210,532434,674,0.82772
9000,2500,260,532434,674,0.819345
9000,2500,310,532434,674,0.840855
9000,2500,360,532434,672,0.855054
9000,2500,410,532434,668,0.870598
9000,2500,460,532434,664,0.881304
9000,2500,510,532434,659,0.897965
10000,250,10,72772,4440,0.105924
10000,250,60,72772,337,0.084487
10000,250,110,72772,337,0.0894153
10000,250,160,72772,336,0.0883847
10000,250,210,72772,335,0.0892782
10000,250,260,72772,311,0.0907272
10000,250,310,72772,290,0.0914924
10000,250,360,72772,49,0.076056
10000,250,410,72772,49,0.0774467
10000,250,460,72772,49,0.0755322
10000,250,510,72772,49,0.0756764
10000,500,10,125120,114143,0.43095
10000,500,60,125120,382,0.165068
10000,500,110,125120,382,0.169018
10000,500,160,125120,382,0.171299
10000,500,210,125120,381,0.17335
10000,500,260,125120,381,0.174947
10000,500,310,125120,332,0.17944
10000,500,360,125120,289,0.182596
10000,500,410,125120,94,0.154915
10000,500,460,125120,94,0.15634
10000,500,510,125120,94,0.147238
10000,750,10,178650,166585,0.633864
10000,750,60,178650,429,0.250277
10000,750,110,178650,429,0.2535
10000,750,160,178650,429,0.255865
10000,750,210,178650,429,0.26136
10000,750,260,178650,429,0.263324
10000,750,310,178650,428,0.268096
10000,750,360,178650,352,0.268973
10000,750,410,178650,298,0.271953
10000,750,460,178650,141,0.234747
10000,750,510,178650,141,0.238187
10000,1000,10,234608,219432,0.843606
10000,1000,60,234608,471,0.333348
10000,1000,110,234608,471,0.340033
10000,1000,160,234608,471,0.344164
10000,1000,210,234608,471,0.348671
10000,1000,260,234608,471,0.36299
10000,1000,310,234608,471,0.360804
10000,1000,360,234608,450,0.36937
10000,1000,410,234608,372,0.367147
10000,1000,460,234608,302,0.365791
10000,1000,510,234608,183,0.322279
10000,1250,10,290902,272467,1.06518
10000,1250,60,290902,516,0.42381
10000,1250,110,290902,516,0.433655
10000,1250,160,290902,516,0.446637
10000,1250,210,290902,516,0.439852
10000,1250,260,290902,516,0.4494
10000,1250,310,290902,516,0.459947
10000,1250,360,290902,511,0.462634
10000,1250,410,290902,500,0.466653
10000,1250,460,290902,391,0.464776
10000,1250,510,290902,309,0.468037
10000,1500,10,348086,325914,1.27715
10000,1500,60,348086,562,0.503664
10000,1500,110,348086,562,0.515222
10000,1500,160,348086,562,0.525732
10000,1500,210,348086,562,0.540004
10000,1500,260,348086,562,0.549298
10000,1500,310,348086,562,0.558726
10000,1500,360,348086,558,0.562947
10000,1500,410,348086,552,0.569709
10000,1500,460,348086,545,0.574709
10000,1500,510,348086,411,0.575729
10000,1750,10,406746,380058,1.47192
10000,1750,60,406746,608,0.594592
10000,1750,110,406746,608,0.608753
10000,1750,160,406746,608,0.613176
10000,1750,210,406746,608,0.628241
10000,1750,260,406746,608,0.634876
10000,1750,310,406746,608,0.651379
10000,1750,360,406746,605,0.662352
10000,1750,410,406746,600,0.667133
10000,1750,460,406746,595,0.681237
10000,1750,510,406746,571,0.696341
10000,2000,10,465028,433984,1.67446
10000,2000,60,465028,653,0.68243
10000,2000,110,465028,653,0.6946
10000,2000,160,465028,653,0.703428
10000,2000,210,465028,653,0.718186
10000,2000,260,465028,653,0.729642
10000,2000,310,465028,653,0.767646
10000,2000,360,465028,651,0.771537
10000,2000,410,465028,647,0.773163
10000,2000,460,465028,643,0.78164
10000,2000,510,465028,637,0.788585
10000,2250,10,525602,489079,1.93032
10000,2250,60,525602,702,0.763072
10000,2250,110,525602,702,0.785395
10000,2250,160,525602,702,0.811951
10000,2250,210,525602,702,0.810306
10000,2250,260,525602,702,0.815667
10000,2250,310,525602,702,0.840986
10000,2250,360,525602,701,0.855887
10000,2250,410,525602,697,0.904118
10000,2250,460,525602,693,0.878843
10000,2250,510,525602,688,0.894029
10000,2500,10,596002,554099,2.16922
10000,2500,60,596002,2205,0.871885
10000,2500,110,596002,747,0.883823
10000,2500,160,596002,747,0.894283
10000,2500,210,596002,747,0.905459
10000,2500,260,596002,747,0.922205
10000,2500,310,596002,747,0.938593
10000,2500,360,596002,746,0.959338
10000,2500,410,596002,743,0.980154
10000,2500,460,596002,739,0.990961
10000,2500,510,596002,736,1.01983
